sandbox/data/caiettia_sb3.txt
nrows 20
ncols 25
xllcorner 117.2730
yllcorner 32.8503
cellsize 0.5
NODATA_value 0

53   58   72    6   76   22   93    2   70   43   89   25   27   56   29   20   28   92   97   62   38   47   11   14   24
57   42   49   61    5   83    4   34   60   48   51   75    8   37   86   50   77   71    9   21   90   54   15   40   74
69   16   31   33   68   18   99   65   32   59   12   79   36   17   66   39   13   19   84   95   96   23   63   26    1
46   85   78   45   10   81   87   82   88   73   80   30   35  100   52   44   91    7   98   55   67   64   41   94    3
26   36   49   23   54   88   40   28   80   10   19   22   25   29   59    7   99   45   95   11   89   33   77   14   91
55   35   27   17   58   73   71   24   48    3   57   86   20   18   62   51   79    4   52   30   65   44   76   31   96
12   93   37   47   98   15   34   83    9   97   78    1   41   43   46    5   42   16   67   82   75    2   68   13   32
92  100    8   74    6   85   61   64   50   69   90   84   39   72   38   66   21   87   63   70   56   94   60   81   53
 1   50   76   94   66   31   54   37   45    6   72   89   53   55   98   32   22   74   20   23   38   90   25   17   13
93    5   30   26   84   58   85   61    8   43    7   92    3   52   83   33   15   79   80   21   46   91   63   18   51
77   69   96   95   10   64   68   41   48   39   56   19   88   78   86   62   65   67   81    9   49   57   42   87  100
73   24   75   47   82   34   99   29   11   70   59   27   44   71   35   40    2    4   36   14   60   28   97   16   12
83   54   78   28  100   38   17   35    1   68   58   93   12   37   60   48   25   11   29   42    6   90   86   30   79
52   81   45   51   16   43   10   39   84    3   66   24   62   23   57   50   89   61    8   13   36   97   31   99   22
46   76   41   33   53   63   73   75   96   69   64   44   34   91    2   27   74   32   72   49   19   92   88   55    5
47   98   95   94    7   82    9   77   21   56   87   15   20   65   18   59   71   80   26    4   67   40   14   70   85
