sandbox/data/hannahslevin.asc
ncols 360
nrows 100
xllcorner -450
yllcorner -46
cellsize 5
NODATA_value -5630
[rows 0 to 41 of 94, columns 192 to 287 of 360]
136 136 136 136 136 136 136 136 136 136 136 136 136 136 136 136 136 136 136 136 136 136 136 136 136 136 136 136 136 136 136 136 136 136 136 136 136 136 136 136 136 136 136 136 136 136 136 136 136 136 136 136 136 136 136 136 136 136 136 136 136 136 136 136 136 136 136 136 136 136 136 136 136 136 136 136 136 136 136 136 136 136 136 136 136 136 136 136 136 136 136 136 136 136 136 136
136 136 136 136 136 136 136 136 136 136 136 136 136 136 136 136 136 136 136 136 136 136 136 136 136 136 136 136 136 136 136 136 136 136 136 136 136 136 136 136 136 136 136 136 136 136 136 136 136 136 136 136 136 136 136 136 136 136 136 136 136 136 136 136 136 136 136 136 136 136 136 136 136 136 136 136 136 136 136 136 136 136 136 136 136 136 136 136 136 136 136 136 136 136 136 136
136 136 136 136 136 136 136 136 136 136 136 136 136 136 136 136 136 136 136 136 136 136 136 136 136 136 136 136 136 136 136 136 136 136 136 136 136 136 136 136 136 136 136 136 136 136 136 136 136 136 136 136 136 136 136 136 136 136 136 136 136 136 136 136 136 136 136 136 136 136 136 136 136 136 136 136 136 136 136 136 136 136 136 136 136 136 136 136 136 136 136 136 136 136 136 136
136 136 136 136 136 136 136 136 136 136 136 136 136 136 136 136 136 136 136 136 136 136 136 136 136 136 136 136 136 136 136 136 136 136 136 136 136 136 136 136 136 136 136 136 136 136 136 136 136 136 136 136 136 136 136 136 136 136 136 136 136 136 136 136 136 136 136 136 136 136 136 136 136 136 136 136 136 136 136 136 136 136 136 136 136 136 136 136 136 136 136 136 136 136 136 136
136 136 136 136 136 136 136 136 136 136 136 136 136 136 136 136 136 136 136 136 136 136 136 136 136 136 136 136 136 136 136 136 136 136 136 136 136 136 136 136 136 136 136 136 136 136 136 136 136 136 136 136 136 136 136 136 136 136 136 136 136 136 136 136 136 136 136 136 136 136 136 136 136 136 136 136 136 136 136 136 136 136 136 136 136 136 136 136 136 136 136 136 136 136 136 136
136 136 136 136 136 136 136 136 136 136 136 136 136 136 136 136 136 136 136 136 136 136 136 136 136 136 136 136 136 136 136 136 136 136 136 136 136 136 136 136 136 136 136 136 136 136 136 136 136 136 136 136 136 136 136 136 136 136 136 136 136 136 136 136 136 136 136 136 136 136 136 136 136 136 136 136 136 136 136 136 136 136 136 136 136 136 136 136 136 136 136 136 136 136 136 136
136 136 136 136 136 136 136 136 136 136 136 136 136 136 136 136 136 136 136 136 136 136 136 136 136 136 136 136 136 136 136 136 136 136 136 136 136 136 136 136 136 136 136 136 136 136 136 136 136 136 136 136 136 136 136 136 136 136 136 136 136 136 136 136 136 136 136 136 136 136 136 136 136 136 136 136 136 136 136 136 136 136 136 136 136 136 136 136 136 136 136 136 136 136 136 136
136 136 136 136 136 136 136 136 136 136 136 136 136 136 136 136 136 136 136 136 136 136 136 136 136 136 136 136 136 136 136 136 136 136 136 136 136 136 136 136 136 136 136 136 136 136 136 136 136 136 136 136 136 136 136 136 136 136 136 136 136 136 136 136 136 136 136 136 136 136 136 136 136 136 136 136 136 136 136 136 136 136 136 136 136 136 136 136 136 136 136 136 136 136 136 136
136 136 136 136 136 136 136 136 136 136 136 136 136 136 136 136 136 136 136 136 136 136 136 136 136 136 136 136 136 136 136 136 136 136 136 136 136 136 136 136 136 136 136 136 136 136 136 136 136 136 136 136 136 136 136 136 136 136 136 136 136 136 136 136 136 136 136 136 136 136 136 136 136 136 136 136 136 136 136 136 136 136 136 136 136 136 136 136 136 136 136 136 136 136 136 136
136 136 136 136 136 136 136 136 136 136 136 136 136 136 136 136 136 136 136 136 136 136 136 136 136 136 136 136 136 136 136 136 136 136 136 136 136 136 136 136 136 136 136 136 136 136 136 35 -3.4e+38 136 136 136 136 136 136 136 136 136 136 136 136 136 136 136 136 136 136 136 136 136 136 136 136 136 136 136 136 136 136 136 -3.4e+38 -3.4e+38 3 3 -3.4e+38 136 136 136 136 136 136 136 136 136 136 136
-3.4e+38 136 21 136 7 30 14 136 136 6 -3.4e+38 -3.4e+38 -3.4e+38 -3.4e+38 136 136 136 136 136 136 136 136 136 136 136 136 136 136 136 136 136 136 136 136 136 136 136 136 136 136 136 136 136 136 136 136 136 136 136 136 136 136 136 136 136 136 136 136 136 136 136 136 136 136 136 136 136 136 136 136 136 136 136 136 136 136 136 136 136 136 136 136 31 -3.4e+38 70 -3.4e+38 -3.4e+38 -3.4e+38 136 136 136 136 136 136 136 136
57 8 37 136 136 3 8 136 136 3 136 136 136 136 136 136 136 136 136 136 136 136 136 136 136 136 136 136 136 136 136 136 136 136 136 136 136 136 136 136 136 136 136 136 136 136 136 136 136 136 136 136 136 136 136 136 136 136 136 136 136 136 136 136 136 136 136 136 136 136 136 136 136 136 136 136 136 136 136 136 136 136 136 136 136 136 136 136 110 -3.4e+38 -5630 57 36 136 136 136
136 136 83 65 11 44 136 136 136 136 136 136 136 136 136 136 136 136 136 136 136 136 136 136 136 136 136 136 136 136 136 136 136 136 136 136 136 136 136 136 136 136 136 136 136 136 136 136 136 136 136 136 136 136 136 136 136 136 136 136 136 136 136 136 136 136 136 136 136 136 136 136 136 136 136 136 136 136 136 136 136 136 136 136 136 136 136 136 136 136 136 133 38 105 136 136
136 136 136 136 136 136 136 136 136 136 136 136 136 136 136 136 136 136 136 136 136 136 136 136 136 136 136 136 136 136 136 136 136 136 136 136 136 136 136 136 136 136 136 136 136 136 136 136 136 136 136 136 136 -3.4e+38 -3.4e+38 -3.4e+38 111 136 136 136 136 136 136 136 136 136 136 136 136 136 136 136 136 136 136 136 136 136 136 136 136 136 136 136 136 136 136 136 136 -56306 136 -56307 132 103 130 183
136 136 136 136 136 136 136 136 136 136 136 136 136 136 136 136 136 136 136 136 136 136 136 136 136 136 136 136 136 136 136 136 136 136 136 136 136 136 136 136 136 136 136 136 136 136 1 1 -3.4e+38 1 136 136 136 136 136 136 136 136 136 136 136 136 136 136 136 136 136 136 136 136 136 136 136 136 136 136 136 136 202 148 441 32 146 -56300 -56306 210 136 184 183 154 110 106 -56303 -56306 151 131
136 136 136 136 136 136 136 136 136 136 136 136 136 136 136 136 136 136 136 136 136 136 136 136 136 136 136 136 136 136 136 136 136 136 136 136 136 136 136 136 136 136 136 136 42 -3.4e+38 -5630 136 136 136 136 136 136 136 136 136 136 136 136 136 136 136 136 136 136 136 136 136 136 136 136 136 136 136 136 134 181 186 188 -56302 134 113 38 132 132 143 135 136 136 136 44 184 136 136 -56303 136
136 136 136 136 136 136 136 136 136 136 136 136 136 136 136 136 136 136 136 136 136 136 136 136 136 136 136 136 136 136 136 136 136 136 136 136 136 136 136 136 136 136 113 134 70 136 136 136 136 136 136 136 136 136 136 136 136 136 136 136 136 136 136 136 136 136 136 136 136 133 130 203 -56305 186 182 -56308 131 44 145 187 133 203 201 136 132 134 135 183 180 184 133 44 778 180 -56306 136
136 136 136 136 136 136 136 136 136 136 136 136 136 136 136 136 136 136 136 136 136 136 136 136 136 136 136 136 136 136 136 136 136 136 136 136 136 136 136 136 136 31 85 136 136 136 136 136 136 136 136 136 136 136 136 136 136 143 -56307 777 -56306 136 136 136 136 180 136 136 136 202 138 -56302 186 187 186 187 182 134 183 136 200 -56303 135 135 44 188 -56307 -56300 44 186 181 187 136 -56303 131 188
136 136 136 136 136 136 136 136 136 136 136 136 136 136 136 136 136 136 136 136 136 136 136 136 136 136 136 136 136 136 136 136 136 136 136 136 136 136 136 136 136 36 118 130 136 136 136 136 136 136 136 136 136 136 136 136 180 777 151 776 136 187 44 136 136 183 188 183 188 181 -56306 44 -56308 -56307 183 183 187 181 183 -56305 132 184 777 -56301 186 -56303 133 138 186 131 131 211 106 13 152 143
136 136 136 136 136 136 136 136 136 136 136 134 44 136 211 -56305 33 105 33 136 136 136 136 136 136 136 136 136 136 136 136 136 136 136 136 136 136 136 136 136 136 136 136 136 136 136 136 136 136 136 136 136 136 136 136 130 180 182 -56303 157 136 136 132 188 186 -56303 -56302 -56303 44 201 202 220 133 138 186 184 200 215 188 776 146 155 138 208 208 202 131 -56301 153 150 143 136 -56301 152 -56307 774
136 136 136 136 136 -56302 206 33 226 207 132 135 136 231 777 210 201 277 204 131 136 136 136 136 136 136 136 136 136 136 136 136 136 136 136 136 136 136 136 136 136 136 136 136 136 136 136 136 205 202 206 208 136 136 136 136 180 153 133 188 136 136 181 132 130 -56302 183 132 187 44 187 -56306 201 131 213 187 -56300 214 37 202 131 143 113 38 34 774 775 773 156 156 187 134 -56307 134 182 133
136 136 136 227 142 236 23 223 180 137 208 218 214 222 224 213 136 221 228 222 225 228 211 23 133 208 136 136 136 136 136 136 224 208 136 136 136 136 136 136 136 770 136 201 206 213 213 136 134 131 277 277 204 207 206 133 136 184 188 -56304 131 136 133 44 137 136 -56305 182 -56302 775 180 187 138 205 224 204 236 207 143 210 130 -56304 133 13 107 777 141 33 200 138 136 187 135 130 135 -56303
136 136 136 220 136 85 188 225 222 23 221 223 223 213 213 2-5630 215 218 277 208 136 223 83 211 220 133 138 203 214 136 136 136 23 136 136 136 224 224 221 213 205 207 2-5630 205 211 187 203 133 202 202 203 200 213 133 134 137 138 44 -56307 130 136 136 205 133 187 205 188 133 184 187 188 137 206 138 225 228 208 132 186 200 200 188 152 777 -56303 -56307 44 200 138 138 201 202 130 134 134 -56303
136 183 131 771 241 235 226 220 277 235 220 242 228 221 223 221 225 224 231 228 220 136 136 228 227 222 277 221 136 136 136 136 200 222 226 223 228 233 233 230 137 218 232 221 227 232 224 220 215 215 2-5630 115 223 210 148 135 207 136 136 136 201 203 180 44 182 183 132 210 -56301 203 225 203 200 136 224 222 225 211 206 277 213 183 135 203 133 133 776 130 210 133 132 203 182 777 -56301 180
230 215 207 225 227 210 277 2-5630 220 223 136 136 136 230 228 227 225 218 220 224 -56305 215 136 136 136 136 136 136 238 223 242 227 218 223 220 223 226 241 213 226 228 235 207 225 226 232 221 213 213 147 223 227 231 223 220 215 210 -56308 210 133 213 203 131 184 -56303 137 206 203 205 210 200 222 277 224 213 213 224 133 2-5630 186 210 224 205 227 181 213 201 207 201 184 184 -56308 184 136 133 136
237 237 223 240 225 231 83 227 240 136 136 136 226 241 223 242 237 231 223 218 213 223 213 136 136 233 226 211 223 223 234 234 227 224 228 235 135 235 231 218 277 220 222 231 225 232 234 135 246 234 226 277 83 222 23 221 210 2-5630 203 183 138 153 772 777 133 135 136 135 203 2-5630 215 231 227 2-5630 138 136 223 210 221 2-5630 232 242 211 231 218 220 201 205 132 134 207 133 133 205 203 137
223 223 232 230 241 222 230 136 136 136 226 83 226 83 238 244 230 233 223 223 230 136 136 231 23 223 230 233 231 231 242 223 247 221 223 237 244 211 238 213 218 234 223 226 208 224 232 226 213 227 210 227 220 203 227 220 204 200 201 136 23 206 202 211 50 131 136 206 277 225 138 214 205 225 213 232 236 240 224 224 83 223 218 231 83 218 277 56 207 135 213 213 203 221 135 213
230 204 220 56 236 237 136 136 136 225 221 224 235 56 234 136 243 136 238 228 223 233 136 136 227 214 231 242 230 240 231 238 238 244 231 224 223 246 222 222 244 222 227 232 -56308 203 225 231 56 221 223 200 203 214 240 223 206 135 133 135 136 202 133 137 187 186 201 186 188 200 200 131 138 215 231 227 223 231 225 242 237 215 232 203 277 226 223 277 231 205 243 208 201 225 210 224
228 211 222 221 237 136 136 136 136 234 238 131 235 136 234 226 238 235 136 136 231 226 233 136 237 230 238 240 247 254 225 243 247 250 232 236 218 235 242 233 234 245 130 226 213 225 225 238 277 208 213 235 220 228 227 235 235 213 201 223 202 131 215 208 225 237 232 134 204 136 226 133 222 231 226 213 210 226 231 225 244 238 230 23 233 218 203 133 23 210 224 203 223 183 2-5630 214
231 222 228 205 221 237 136 136 136 136 2-5630 228 222 221 227 136 136 235 228 136 136 232 253 235 242 254 248 254 246 233 250 234 248 250 218 243 236 244 220 244 56 226 133 218 225 242 230 232 233 231 230 23 134 134 202 134 187 201 232 204 226 222 225 205 244 205 133 222 206 215 2-5630 226 203 223 213 240 138 204 232 207 224 232 23 233 235 56 23 226 211 224 223 277 221 220 225 224
277 277 231 208 136 136 228 136 136 136 136 136 136 222 277 136 230 23 234 243 252 222 236 23 242 243 236 234 225 252 244 244 251 215 247 240 253 230 243 245 215 254 228 243 243 245 236 243 228 235 238 233 23 56 220 235 205 227 225 235 203 213 200 2-5630 207 133 134 235 136 203 138 210 206 2-5630 213 23 203 223 234 227 235 227 218 23 230 225 200 231 231 56 224 221 231 224 223 237
136 200 136 778 -56301 136 136 136 136 136 241 136 203 224 221 136 250 243 247 136 251 221 245 245 242 233 136 243 246 218 235 56 252 228 245 220 2-5630 225 56 226 242 237 225 226 236 247 246 228 238 248 241 242 221 251 201 203 203 138 221 133 203 221 2-5630 232 227 208 214 227 224 237 245 240 236 218 234 2-5630 218 243 246 246 203 232 232 222 237 242 236 234 230 223 218 227 224 233 223 235
225 228 203 230 220 136 188 136 136 136 232 136 223 213 220 235 240 251 253 243 244 245 235 245 241 203 241 240 204 225 243 233 252 251 246 238 776 215 227 248 226 232 210 204 215 277 240 238 235 220 236 207 211 238 203 232 228 211 224 246 218 234 245 223 203 227 230 243 220 202 223 236 240 227 246 243 246 234 242 242 245 203 236 237 224 240 230 231 227 2-5630 226 232 203 277 225 223
136 237 235 203 141 136 136 136 136 136 246 35 238 242 220 203 213 241 242 243 243 244 238 235 238 224 234 -56303 204 228 225 227 241 232 240 241 203 210 134 244 223 200 243 277 228 240 224 243 244 -56303 245 203 213 202 770 -56301 114 207 210 236 222 2-5630 206 223 221 203 233 203 132 201 137 183 208 227 218 238 247 203 222 238 240 277 228 223 202 237 245 237 230 225 232 237 241 235 213 231
136 142 136 136 136 136 136 136 136 203 226 -56307 187 23 2-5630 213 223 240 251 252 253 235 224 277 2-5630 130 235 232 233 223 244 235 206 -56305 250 184 131 138 136 236 770 777 183 226 246 251 221 242 203 215 200 776 227 221 183 771 -56307 775 138 187 180 772 200 182 131 138 207 277 223 241 200 232 203 214 233 233 242 206 233 224 234 233 133 203 232 236 235 243 244 223 203 242 231 226 235 223
136 188 136 136 771 155 213 136 215 207 -56306 777 203 135 227 137 203 240 777 235 220 238 240 237 215 -56306 182 151 202 240 213 183 214 130 776 133 136 133 180 245 180 182 -56301 207 215 242 203 232 202 206 156 153 50 147 143 204 137 -56306 13 133 140 108 133 135 38 38 150 132 188 221 136 211 228 188 130 232 232 235 -56303 771 225 235 223 218 222 223 220 242 277 231 237 234 242 225 221 224
184 138 204 224 215 153 773 35 234 225 223 -56308 230 202 148 241 232 238 225 246 138 232 246 245 234 776 154 180 50 182 770 135 -56305 243 204 237 133 138 187 -56308 183 183 -56308 146 248 233 226 202 -56301 778 151 145 132 772 107 140 132 131 141 113 1-5630 107 118 130 106 135 157 -56303 -56303 183 23 221 222 133 243 246 228 241 771 135 218 235 213 153 132 154 207 200 231 226 227 213 221 210 224 136
187 772 147 202 777 771 144 214 771 134 770 770 774 181 245 243 222 213 227 236 235 224 133 186 222 777 136 186 153 -56303 184 53 203 234 772 776 132 156 1-5630 146 148 130 33 30 211 243 148 144 143 100 118 154 105 101 101 144 133 157 130 146 32 35 110 107 113 34 154 775 13 -56307 118 135 246 130 240 244 231 2-5630 244 231 133 231 231 218 223 203 180 147 770 202 246 218 232 231 136 228
114 774 772 132 -56303 211 184 135 204 203 -56308 223 228 221 183 218 135 240 -56305 -56304 206 213 203 136 144 -56301 103 110 -56306 215 133 -56300 181 -56304 131 107 100 101 31 113 777 -56307 31 111 33 772 113 104 1-5630 136 33 140 113 37 101 30 33 115 118 130 136 33 13 140 84 150 135 -56304 53 30 143 211 232 237 -56302 222 205 135 205 32 155 53 133 130 236 183 220 150 136 770 184 277 136 235 238 131
234 34 218 23 -56308 -56304 778 181 201 181 213 -56305 132 208 277 137 208 232 38 181 223 225 277 183 770 144 -56300 145 132 35 -56300 132 115 36 114 36 82 33 33 130 30 37 32 115 113 101 34 36 31 36 1-5630 30 85 83 32 85 103 101 33 133 133 154 776 -56301 33 103 34 102 144 184 53 241 231 215 202 134 205 778 145 130 136 33 113 134 771 205 772 -56303 221 225 218 228 218 183 23 238
225 222 210 200 23 -56307 250 224 248 250 236 234 228 220 224 135 778 146 -56303 213 150 150 776 774 -56300 151 156 153 38 140 103 38 85 81 84 76 74 101 106 78 77 87 75 70 104 33 36 80 81 71 102 102 75 30 38 101 37 33 38 32 137 130 134 135 101 35 33 33 101 36 145 -56300 207 227 136 148 13 32 136 30 74 132 201 148 135 135 770 182 148 146 138 208 235 236 210 233
134 207 213 244 778 -56303 248 243 230 225 223 242 251 200 182 775 -56301 144 155 770 141 133 140 150 152 142 141 135 146 13 86 86 111 140 81 32 30 84 76 71 63 33 72 71 71 78 86 68 73 82 53 56 81 81 73 77 78 80 82 83 34 37 32 113 105 86 30 32 108 104 33 136 106 148 134 205 147 34 33 73 87 63 64 76 145 136 181 2-5630 -56307 202 157 133 150 774 131 136
