sandbox/data/hannahslevin.asc
ncols 360
nrows 100
xllcorner -450
yllcorner -46
cellsize 5
NODATA_value -5630
[rows 42 to 83 of 94, columns 192 to 287 of 360]
237 218 235 240 186 208 203 133 180 187 181 224 240 242 205 778 154 150 131 103 111 111 36 36 37 153 132 151 136 113 73 84 73 82 77 81 70 73 73 57 53 53 65 64 66 62 70 70 63 65 68 73 67 66 84 65 65 63 76 80 83 75 68 61 54 66 65 77 87 146 108 30 32 87 65 156 65 156 33 74 42 67 53 43 61 140 32 135 184 140 34 103 146 37 770 138
233 228 241 246 223 243 183 202 184 200 241 243 137 245 210 138 -56303 151 -56307 136 -56307 33 186 136 136 136 113 113 113 114 136 77 80 73 78 70 2-5630 218 136 136 136 60 61 53 53 55 63 63 136 64 54 60 56 57 73 67 71 73 68 68 63 58 136 183 57 136 136 65 61 136 71 188 105 65 63 103 32 53 68 37 33 78 114 52 71 68 53 64 136 772 107 38 74 83 84 33
136 136 250 213 563 251 156 231 133 200 246 251 240 243 235 33 113 213 136 136 136 88 110 136 136 136 158 152 132 111 33 77 136 73 72 136 136 136 136 136 136 47 38 53 61 58 136 136 136 50 53 52 72 50 58 66 61 62 53 53 60 57 -56303 56 56 72 68 143 202 150 43 137 86 43 50 58 57 48 52 45 62 47 41 41 57 52 43 43 38 51 55 50 53 62 64 57
136 136 136 235 247 250 222 243 227 236 183 138 38 33 32 30 101 136 136 136 136 136 136 136 136 136 244 234 233 181 133 84 75 83 74 136 136 136 65 61 45 53 43 51 52 43 136 136 136 54 58 50 52 53 57 65 56 63 67 64 775 58 65 68 71 77 -56307 157 778 132 51 63 563 220 2-5630 143 60 51 47 44 48 43 41 43 51 43 41 46 40 41 55 47 43 55 73 60
224 36 136 136 136 220 244 242 240 234 251 184 143 143 141 30 136 136 136 136 136 136 136 136 136 136 136 136 246 214 204 242 133 32 138 136 136 136 136 50 48 51 54 48 47 46 -56305 53 53 43 53 56 55 56 55 104 78 78 63 75 68 83 83 80 82 -56305 78 55 81 158 206 227 33 78 777 84 66 38 114 48 84 143 42 43 41 33 36 43 48 48 50 45 48 57 61 53
132 156 136 136 136 136 136 203 187 203 232 218 773 213 113 136 136 136 136 136 136 136 136 136 136 136 136 136 136 136 253 254 2-5630 204 208 181 136 136 136 136 136 50 52 47 44 51 32 134 54 68 55 52 60 56 58 58 141 88 102 63 140 70 31 53 136 136 137 154 771 63 36 55 182 105 66 63 44 43 40 42 33 48 36 44 36 42 44 38 37 47 50 43 47 47 50 53
136 186 137 102 136 136 136 772 213 53 235 204 243 183 30 33 136 136 136 136 227 135 -56303 133 136 136 136 136 136 250 223 184 153 36 215 208 770 136 136 136 136 136 55 51 45 43 48 57 186 51 54 61 40 62 66 64 65 101 13 132 134 150 33 83 181 37 45 44 41 44 53 66 74 33 35 65 54 41 41 33 34 43 40 41 47 46 42 41 48 43 42 40 40 51 58 73
136 136 136 133 35 33 136 145 137 238 141 23 136 136 136 136 136 136 156 133 157 32 32 37 247 776 142 133 118 104 53 86 -56305 202 133 130 85 55 136 136 136 53 43 48 63 58 52 53 60 57 54 102 61 60 68 72 113 58 156 770 85 158 136 57 75 58 51 50 -56307 67 35 35 38 33 38 38 36 37 37 33 50 35 83 40 32 42 43 42 40 42 48 51 43 55 54 46
136 136 136 136 202 136 136 136 53 224 86 136 136 136 136 140 157 131 146 80 72 87 67 78 37 113 63 80 37 103 84 32 71 72 88 145 38 136 136 136 136 41 55 52 50 51 47 53 55 57 53 43 51 58 84 35 83 80 80 68 83 3 44 43 187 45 71 37 38 38 40 40 41 41 38 33 38 44 35 41 40 54 60 50 22 63 62 54 45 46 51 48 47 52 57 115
136 136 136 136 136 136 136 136 136 220 151 147 136 136 -56300 140 34 76 37 81 84 37 83 35 38 82 103 32 35 101 136 85 70 100 86 70 34 136 136 136 136 136 41 56 70 104 43 50 46 84 48 47 51 130 66 106 73 32 113 80 11 37 51 61 41 154 38 41 37 38 33 33 42 43 40 36 41 45 37 33 31 37 44 62 23 75 135 204 148 36 32 48 52 57 -56307 86
136 37 88 136 136 136 136 136 136 136 157 136 136 136 136 143 154 38 143 151 30 113 1-5630 141 775 105 88 84 34 86 81 1-5630 31 136 82 72 33 136 136 136 136 136 61 30 86 66 72 13 114 68 61 55 63 66 53 61 155 -56307 34 83 72 67 63 33 33 42 110 110 42 42 42 53 38 43 43 88 47 136 72 72 37 44 40 35 65 115 776 277 133 207 220 772 74 -56306 34 83
136 136 136 136 136 136 136 136 136 136 136 136 136 136 136 136 136 1-5630 136 136 63 118 136 136 103 66 58 63 63 61 61 63 103 83 74 68 71 76 83 231 154 247 71 51 43 66 66 72 57 61 60 63 74 53 57 58 54 64 80 34 83 82 23 45 43 -5630 55 13 57 51 38 43 42 44 43 47 46 51 61 105 55 41 62 65 83 85 131 78 137 205 138 30 158 771 155 181
136 136 136 136 136 136 136 136 136 136 136 136 136 136 136 136 136 136 136 136 136 136 136 136 74 57 57 53 43 57 56 57 61 64 73 66 60 67 54 134 60 43 50 38 47 48 67 71 43 63 61 75 64 62 61 66 72 60 54 135 -56303 147 61 83 43 13 42 33 13 72 42 42 43 45 50 53 48 53 70 67 38 53 82 114 38 34 33 770 131 771 213 137 184 204 232 207
136 136 136 136 136 136 136 136 136 136 136 136 136 136 136 136 136 136 136 136 136 136 136 136 111 43 53 53 53 54 50 57 65 53 67 78 65 51 54 44 43 41 33 45 42 43 43 43 64 52 60 70 65 58 84 82 53 60 33 33 206 220 183 108 51 52 23 28 51 53 52 52 55 78 56 53 63 50 31 76 104 773 -56303 -56306 131 135 36 146 214 227 234 241 224 207 231 -56302
136 136 136 136 136 136 136 136 136 136 136 136 136 136 136 136 136 136 136 136 136 136 136 135 100 50 58 57 54 57 51 53 60 47 73 74 53 107 43 57 47 43 48 44 46 55 51 55 51 43 43 52 64 57 61 65 71 82 140 33 33 224 133 218 14 52 73 60 57 53 51 60 82 76 78 67 73 61 67 81 33 153 186 37 201 130 184 206 222 222 236 224 232 234 253 254
68 63 73 136 136 136 136 136 71 72 50 136 136 136 136 136 136 136 136 136 136 136 136 104 61 43 57 56 54 52 58 53 73 78 64 58 58 101 70 113 53 42 33 37 50 44 46 43 50 48 43 62 58 60 67 55 46 -56303 57 108 32 182 134 223 184 38 35 46 70 64 68 74 85 73 76 78 73 83 34 145 772 73 154 134 203 182 277 563 211 236 223 221 243 246 254 237
56 53 54 51 136 136 136 136 55 56 56 53 53 56 54 136 136 136 136 136 136 136 30 136 57 47 53 56 58 54 55 56 48 54 62 33 71 55 76 68 52 43 47 46 52 46 41 37 37 43 45 45 52 73 52 52 51 51 62 51 156 158 137 238 236 63 33 45 70 63 68 42 76 81 88 86 32 34 110 63 135 210 213 151 156 134 214 137 213 204 231 243 134 2-5630 223 232
57 56 56 55 55 54 52 136 54 54 57 57 57 57 48 43 48 46 53 183 55 54 57 60 57 60 51 53 55 55 53 53 53 43 45 44 43 47 60 75 13 65 40 51 58 48 42 62 41 34 43 53 48 55 56 74 63 84 53 73 143 145 -56306 240 232 232 223 186 25 67 74 84 74 81 23 104 67 140 115 -56306 136 53 113 774 104 -56304 205 277 220 220 220 203 137 132 136 130
61 60 56 57 58 53 52 53 54 48 51 51 43 57 53 53 56 50 136 54 136 43 52 55 47 54 54 55 56 56 56 50 50 52 43 46 136 136 136 53 70 60 55 53 70 47 42 42 44 33 45 46 53 38 60 58 64 83 131 -56302 73 13 223 237 228 240 241 225 223 232 157 76 82 85 110 83 131 133 -56307 2-5630 131 202 203 238 73 113 208 223 133 225 231 135 215 213 1-5630 222
52 57 51 53 53 53 53 48 58 52 43 43 51 51 56 43 50 48 52 53 47 47 136 43 51 48 48 52 54 58 58 53 48 43 43 43 136 136 136 50 60 74 62 58 48 43 53 36 45 43 42 43 38 45 63 50 31 63 131 65 66 51 82 153 130 1-5630 213 232 231 225 246 230 63 32 86 65 83 32 131 118 35 240 245 243 202 147 231 138 231 221 243 241 218 230 222 234
55 43 51 50 58 47 50 43 50 53 50 55 53 50 52 54 53 53 55 53 52 46 136 136 47 53 50 50 47 51 70 54 57 57 54 53 45 136 136 136 136 56 65 54 53 65 51 63 47 45 45 42 45 46 34 52 774 48 43 58 73 86 111 208 208 222 183 158 237 228 203 233 233 245 248 210 233 246 243 243 252 252 223 211 237 235 252 227 235 226 563 563 234 224 203 232
51 50 51 51 47 58 43 51 51 50 52 53 52 50 51 52 51 54 53 47 56 40 136 136 42 46 53 55 46 48 47 54 55 54 58 54 47 43 136 136 136 136 136 136 136 50 44 48 55 47 43 41 47 43 62 43 1-5630 33 54 37 100 136 770 774 138 777 141 153 775 184 135 153 31 205 232 224 137 38 205 136 135 251 252 251 -56307 254 250 240 235 277 230 240 223 236 -56305 233
58 53 50 43 52 50 47 50 48 43 51 50 52 51 50 45 47 48 66 53 33 52 40 136 136 41 38 51 45 46 53 46 50 56 50 58 52 42 136 136 136 136 136 55 136 136 136 136 136 40 47 45 40 47 61 63 -56303 153 62 13 33 774 133 211 133 -56305 -56301 230 143 774 203 100 135 25 83 211 213 -56306 254 213 232 241 241 251 243 245 563 203 133 563 221 183 240 213 227 226
51 48 50 53 48 44 43 50 51 48 43 55 56 50 50 43 51 51 50 51 45 45 44 136 136 41 47 45 46 43 45 45 44 50 47 47 56 50 50 136 136 136 52 72 40 136 136 136 136 136 136 136 136 136 136 33 771 73 136 34 203 253 215 136 201 -56302 240 244 133 221 235 23 238 215 25 223 -56304 150 183 214 235 253 228 227 224 251 232 -56302 231 223 215 203 245 240 234 230
46 48 43 46 45 43 48 50 54 47 48 51 50 52 53 50 48 50 47 52 61 50 52 136 136 136 136 50 41 41 42 46 44 47 51 47 57 46 47 44 43 53 54 57 56 41 48 136 136 136 136 136 136 136 136 136 775 136 130 136 773 158 777 234 203 141 203 240 138 211 236 143 220 38 230 215 30 -56302 213 241 250 240 147 64 234 233 236 231 237 224 240 221 231 233 227 218
51 52 43 46 46 43 48 50 43 43 51 52 53 53 51 51 43 48 48 51 48 47 43 37 136 136 136 48 53 43 33 45 45 51 52 43 56 51 51 46 51 53 65 48 45 43 43 56 136 136 136 136 136 136 136 136 136 136 770 -56300 156 238 210 771 -56305 204 207 188 130 243 773 -56307 61 234 227 74 -56308 231 135 136 237 245 235 153 277 131 225 246 236 227 250 133 236 236 242 138
53 53 50 50 50 43 44 53 55 53 48 51 43 52 53 51 48 54 51 46 43 44 42 41 46 136 136 47 57 48 48 42 44 46 43 52 50 48 52 48 51 64 60 55 44 45 48 136 136 136 136 136 136 136 136 136 136 136 215 103 136 211 213 -56307 231 238 215 237 225 33 213 -56303 134 254 188 136 136 136 136 136 236 242 130 141 223 222 234 222 250 252 226 240 243 211 223 254
50 43 50 43 50 51 46 53 52 51 43 48 52 54 52 48 48 52 48 46 46 43 44 43 47 136 136 136 53 56 42 43 51 58 48 44 52 47 47 47 50 60 53 43 45 46 136 136 136 136 136 136 136 136 136 136 136 136 136 136 136 133 183 224 221 236 222 186 233 183 213 155 241 135 71 136 136 136 136 136 136 226 148 133 222 226 232 236 232 214 221 230 247 227 136 136
46 43 50 43 52 48 47 52 43 43 51 51 43 50 51 43 43 50 55 44 46 45 47 45 51 136 136 136 136 82 52 46 54 57 52 51 47 48 48 52 60 62 51 45 53 55 136 136 136 136 136 136 136 136 136 136 136 136 136 136 136 137 202 221 213 235 222 218 220 188 222 132 251 136 136 136 136 136 136 136 136 136 232 202 242 236 220 237 233 213 235 237 250 231 136 136
48 46 44 45 47 46 43 52 51 52 53 50 48 43 43 52 51 48 47 50 50 45 46 52 47 41 136 136 136 62 56 47 54 54 52 43 54 56 53 51 52 51 51 50 43 136 136 136 136 136 136 136 136 136 136 136 136 136 136 136 136 206 63 773 236 202 223 134 230 208 205 -56307 136 136 136 136 136 136 136 136 136 136 241 188 210 248 236 247 241 230 225 223 245 23 136 136
43 43 46 47 46 45 48 50 43 51 51 46 47 50 43 52 53 48 52 52 53 43 45 50 57 56 52 136 136 136 76 64 46 54 52 56 57 56 56 58 55 58 64 136 136 136 136 136 136 136 136 136 136 136 136 136 136 136 136 136 136 225 103 -56307 207 206 143 134 2-5630 243 147 136 136 136 136 136 136 136 136 136 136 136 136 202 -56306 241 152 563 235 233 223 223 188 222 203 136
46 50 47 47 44 43 43 52 53 56 65 51 52 54 50 54 52 51 53 43 54 63 42 54 74 75 36 136 136 136 136 74 62 52 47 48 66 56 56 61 136 136 136 136 136 136 136 136 136 136 136 136 136 136 136 136 136 136 136 136 136 133 204 206 133 136 773 148 87 132 136 136 136 136 136 136 136 136 136 136 136 136 245 -56308 136 181 232 187 138 254 23 213 205 180 236 183
62 57 63 62 60 67 53 53 36 30 74 60 60 60 74 60 56 55 60 57 61 35 105 133 111 134 32 66 136 136 136 -56300 30 48 47 64 62 71 62 66 136 136 136 136 136 136 136 136 136 136 136 136 136 136 136 136 136 136 136 136 136 136 223 154 132 771 113 33 136 136 136 136 136 136 136 136 136 136 136 136 136 136 136 136 136 136 237 132 206 133 131 205 202 240 221 246
105 88 102 81 107 142 145 13 110 131 33 107 71 102 70 82 60 74 60 60 73 34 31 30 772 778 773 146 48 136 136 -56302 114 78 48 63 63 136 136 136 136 136 136 136 136 136 136 136 136 136 136 136 136 136 136 136 136 136 136 136 136 136 136 133 133 -56301 103 137 136 136 136 136 136 136 136 136 136 136 136 136 136 136 136 136 136 136 247 184 -56307 247 213 223 563 228 245 245
-56307 136 136 106 144 145 135 182 -56303 138 138 775 154 1-5630 73 77 33 108 88 32 75 38 153 103 206 215 36 776 43 56 136 63 71 62 136 136 136 136 136 136 136 136 136 136 136 136 136 136 136 136 136 136 136 136 136 136 136 136 136 136 136 136 136 208 -56307 153 143 211 136 136 136 136 136 136 136 136 136 136 136 136 136 136 136 136 136 136 252 227 136 228 200 775 225 238 213 227
137 188 157 130 775 133 277 770 131 -56306 156 277 113 118 114 104 108 130 143 143 32 136 205 242 242 210 188 188 65 58 56 136 136 136 136 136 136 136 136 136 136 65 136 136 136 136 136 136 136 136 136 136 136 136 136 136 136 136 136 136 136 136 136 243 157 133 143 -56308 136 136 136 136 136 136 136 136 136 136 136 136 136 136 136 136 136 136 136 243 136 136 227 132 88 223 223 243
201 226 221 203 206 214 214 186 220 227 205 201 -56301 130 118 113 150 213 135 157 210 38 136 243 277 204 151 63 67 144 52 136 136 136 136 136 136 136 76 136 136 136 136 136 136 136 136 136 136 136 136 136 136 136 136 136 136 136 136 136 136 136 136 136 563 180 -56303 145 136 136 136 136 136 136 136 136 136 136 136 136 136 136 136 136 136 136 136 227 136 136 136 242 774 133 220 226
187 180 184 -56301 157 224 230 207 210 213 222 213 277 223 210 -56303 184 206 134 207 -56301 241 231 227 230 136 184 136 -56307 83 56 67 136 57 61 64 58 55 60 136 136 136 136 136 136 136 136 136 136 136 136 136 136 136 136 136 136 136 136 136 136 136 136 136 243 138 771 148 136 136 136 136 136 136 136 136 136 136 136 136 136 136 136 136 136 136 233 136 136 136 136 136 -56306 133 -56304 136
772 -56307 130 777 208 136 214 2-5630 222 223 232 226 220 277 223 204 203 237 777 230 187 228 231 224 238 218 203 213 31 181 184 38 66 84 76 60 53 60 61 136 136 136 136 136 136 136 136 136 136 136 136 136 136 136 136 136 136 136 136 136 136 136 136 136 133 -56301 104 136 136 136 136 136 136 136 136 136 136 136 136 136 136 136 136 136 136 136 243 136 136 136 136 136 136 153 136 136
180 206 227 208 134 202 225 241 231 233 230 232 234 233 236 220 203 227 134 211 226 215 254 232 225 213 227 134 130 776 134 88 82 73 75 60 55 62 136 136 136 136 136 136 136 136 136 136 136 136 136 136 136 136 136 136 136 136 136 136 136 136 136 136 136 63 136 136 130 136 136 136 136 136 136 136 136 136 136 136 136 136 136 136 136 136 563 233 136 136 136 136 136 136 136 136
227 203 215 203 563 230 233 233 238 233 228 237 227 230 242 236 224 238 183 277 232 204 226 226 226 -56306 136 208 137 104 71 80 31 31 82 31 73 68 136 136 136 136 136 136 136 136 136 136 136 136 136 136 136 136 136 136 136 136 136 136 136 136 136 136 136 136 136 136 228 202 136 136 136 136 136 136 136 136 136 136 136 136 136 136 136 136 136 238 136 136 136 136 136 136 136 136
131 220 234 234 230 23 243 241 243 242 241 243 242 236 236 235 237 563 213 220 2-5630 183 228 223 224 200 138 238 147 30 74 38 86 82 78 71 70 136 136 136 136 136 136 136 136 136 136 136 136 136 136 136 136 136 136 136 136 136 136 136 136 136 136 136 136 136 136 136 235 202 136 136 136 136 136 136 136 136 136 136 136 136 136 136 136 136 136 136 236 241 136 136 136 136 136 136
