sandbox/data/kelannen.asc
ncols 360
nrows 180
xllcorner -180
yllcorner -90
cellsize 1
NODATA_value -3.4e+38
[rows 42 to 83 of 180, columns 188 to 281 of 360]
175 255 223 223 237 218 235 240 186 208 203 193 180 187 181 224 240 242 205 168 154 150 131 109 111 111 126 126 127 153 132 151 136 113 79 84 79 82 77 81 70 73 73 57 59 59 65 64 66 62 70 70 63 65 68 73 67 66 84 65 65 69 76 80 83 75 68 61 54 66 65 77 87 146 108 90 92 87 65 156 65 156 93 74 42 67 53 49 61 140 122 135 184 140
146 204 90 232 239 228 241 246 223 243 189 202 184 200 241 249 197 245 210 198 179 151 116 255 116 123 186 255 255 255 113 113 113 114 255 77 80 79 78 70 217 218 255 255 255 60 61 59 53 55 63 63 255 64 54 60 56 57 73 67 71 73 68 68 69 58 255 183 57 255 255 65 61 255 71 188 105 65 63 103 122 53 68 97 99 78 114 52 71 68 59 64 136 162
236 203 190 227 255 255 250 219 233 251 156 231 139 200 246 251 240 249 235 99 113 213 255 255 255 88 110 255 255 255 158 152 132 111 99 77 255 79 72 255 255 255 255 255 255 47 38 53 61 58 255 255 255 50 59 52 72 50 58 66 61 62 59 53 60 57 179 56 56 72 68 143 202 150 49 137 86 43 50 58 57 48 52 45 62 47 41 41 57 52 49 43 38 51
236 249 221 121 255 255 255 235 247 250 222 243 227 236 183 198 128 129 122 120 101 255 255 255 255 255 255 255 255 255 244 234 239 181 133 84 75 83 74 255 255 255 65 61 45 59 49 51 52 49 255 255 255 54 58 50 52 59 57 65 56 63 67 64 165 58 65 68 71 77 116 157 168 132 51 69 233 220 217 143 60 51 47 44 48 49 41 49 51 49 41 46 40 41
255 255 93 219 224 126 255 255 255 220 244 242 240 234 251 184 143 143 141 120 255 255 255 255 255 255 255 255 255 255 255 255 246 214 204 242 199 92 138 255 255 255 255 50 48 51 54 48 47 46 175 53 53 43 53 56 55 56 55 104 78 78 63 75 68 83 89 80 82 175 78 55 81 158 206 227 121 78 167 84 66 128 114 48 84 149 42 43 41 33 36 43 48 48
255 255 255 181 192 156 255 255 255 255 255 203 187 203 232 218 163 213 119 255 255 255 255 255 255 255 255 255 255 255 255 255 255 255 253 254 217 204 208 181 255 255 255 255 255 50 52 47 44 51 122 134 54 68 55 52 60 56 58 58 141 88 102 69 140 70 31 53 255 255 197 154 161 63 96 55 182 105 66 63 44 43 40 42 39 48 36 44 36 42 44 38 37 47
255 255 255 255 255 186 197 102 255 255 255 162 213 185 235 204 249 183 120 121 255 255 255 255 227 135 179 193 255 255 255 255 255 250 223 184 153 96 215 208 160 255 255 255 255 255 55 51 45 49 48 57 186 51 54 61 40 62 66 64 65 101 112 132 134 150 93 89 181 97 45 44 41 44 185 66 74 39 35 65 54 41 41 39 34 43 40 41 47 46 42 41 48 49
135 157 255 255 255 255 255 139 125 123 255 145 197 238 141 212 255 255 255 255 255 255 156 139 157 122 92 97 247 166 142 139 118 104 185 86 175 202 139 130 85 55 255 255 255 53 49 48 63 58 52 59 60 57 54 102 61 60 68 72 119 58 156 160 85 158 136 57 75 58 51 50 177 67 35 35 38 39 38 38 36 37 37 39 50 35 83 40 92 42 43 42 40 42
166 162 255 255 255 255 255 255 202 255 255 255 185 224 86 255 255 255 255 140 157 131 146 80 72 87 67 78 97 113 63 80 127 103 84 92 71 72 88 145 128 255 255 255 255 41 55 52 50 51 47 53 55 57 53 49 51 58 84 95 89 80 80 68 89 12 44 43 187 45 71 37 38 38 40 40 41 41 38 39 38 44 35 41 40 54 60 50 22 69 62 54 45 46
255 255 255 255 255 255 255 255 255 255 255 255 255 220 151 147 255 255 170 140 124 76 97 81 84 37 83 95 98 82 103 122 95 101 255 85 70 100 86 70 94 255 255 255 255 255 41 56 70 104 49 50 46 84 48 47 51 130 66 106 79 122 113 80 11 37 51 61 41 154 38 41 37 38 39 39 42 43 40 36 41 45 37 39 31 37 44 62 29 75 135 204 148 96
255 255 255 255 255 97 88 255 255 255 255 255 255 255 157 255 255 255 255 143 154 128 143 151 90 119 117 141 165 105 88 84 94 86 81 117 91 255 82 72 99 255 255 255 255 255 61 90 86 66 72 112 114 68 61 55 63 66 53 61 155 177 94 83 72 67 63 33 123 42 110 110 42 42 42 53 38 43 43 88 47 255 72 72 37 44 40 35 65 115 166 216 199 207
86 76 99 255 255 255 255 255 255 255 255 255 255 255 255 255 255 255 255 255 255 117 255 255 69 118 255 255 109 66 58 63 63 61 61 69 103 83 74 68 71 76 89 231 154 247 71 51 49 66 66 72 57 61 60 69 74 59 57 58 54 64 80 34 83 82 23 45 49 17 55 112 57 51 38 43 42 44 49 47 46 51 61 105 55 41 62 65 83 85 131 78 197 205
86 70 41 255 255 255 255 255 255 255 255 255 255 255 255 255 255 255 255 255 255 255 255 255 255 255 255 255 74 57 57 59 49 57 56 57 61 64 73 66 60 67 54 134 60 43 50 38 47 48 67 71 49 63 61 75 64 62 61 66 72 60 54 195 173 147 61 83 49 13 42 39 19 72 42 42 43 45 50 53 48 59 70 67 98 59 82 114 98 124 129 169 191 161
59 59 255 255 255 255 255 255 255 255 255 255 255 255 255 255 255 255 255 255 255 255 255 255 255 255 255 255 111 49 53 53 53 54 50 57 65 59 67 78 65 51 54 44 43 41 39 45 42 43 49 49 64 52 60 70 65 58 84 82 59 60 93 121 206 220 189 108 51 52 29 28 51 53 52 52 55 78 56 53 69 50 91 76 104 163 173 176 191 195 96 146 214 227
39 49 59 255 255 255 255 255 255 255 255 255 255 255 255 255 255 255 255 255 255 255 255 255 255 255 255 135 100 50 58 57 54 57 51 59 60 47 73 74 59 107 49 57 47 43 48 44 46 55 51 55 51 49 49 52 64 57 61 65 71 82 140 121 121 224 193 218 14 52 79 60 57 59 51 60 82 76 78 67 73 61 67 81 121 159 186 127 201 190 184 206 222 222
52 52 50 50 68 69 73 255 255 255 255 255 71 72 50 255 255 255 255 255 255 255 255 255 255 255 255 104 61 49 57 56 54 52 58 53 79 78 64 58 58 101 70 119 53 42 39 37 50 44 46 49 50 48 43 62 58 60 67 55 46 179 57 108 92 182 134 229 184 38 35 46 70 64 68 74 85 73 76 78 73 83 94 145 162 79 154 194 209 182 216 233 211 236
50 49 53 55 56 59 54 51 255 255 255 255 55 56 56 53 53 56 54 255 255 255 255 255 255 255 90 255 57 47 53 56 58 54 55 56 48 54 62 99 71 55 76 68 52 43 47 46 52 46 41 37 37 49 45 45 52 73 52 52 51 51 62 51 156 158 197 238 236 185 123 45 70 63 68 42 76 81 88 86 92 124 110 69 195 210 213 151 156 194 214 197 219 204
53 50 56 59 57 56 56 55 55 54 52 255 54 54 57 57 57 57 48 49 48 46 53 183 55 54 57 60 57 60 51 53 55 55 53 53 53 49 45 44 49 47 60 75 112 65 40 51 58 48 42 62 41 34 43 53 48 55 56 74 63 84 59 79 149 145 176 240 232 232 223 186 25 67 74 84 74 81 23 104 67 140 115 176 196 53 113 164 104 174 205 216 220 220
52 53 59 62 61 60 56 57 58 53 52 53 54 48 51 51 49 57 53 53 56 50 255 54 255 49 52 55 47 54 54 55 56 56 56 50 50 52 49 46 255 255 255 53 70 60 55 59 70 47 42 42 44 33 45 46 53 38 60 58 64 83 131 172 73 112 223 237 228 240 241 225 229 232 157 76 82 85 110 83 131 139 116 217 131 202 209 238 79 119 208 229 139 225
45 47 48 53 52 57 51 53 59 53 59 48 58 52 49 49 51 51 56 49 50 48 52 53 47 47 255 49 51 48 48 52 54 58 58 59 48 49 49 49 255 255 255 50 60 74 62 58 48 49 59 36 45 49 42 43 38 45 69 50 91 185 191 65 66 51 82 159 190 117 213 232 231 225 246 230 63 122 86 65 83 92 131 118 125 240 245 243 202 147 231 198 231 221
50 52 57 55 55 49 51 50 58 47 50 49 50 53 50 55 59 50 52 54 53 59 55 53 52 46 255 255 47 53 50 50 47 51 70 54 57 57 54 53 45 255 255 255 255 56 65 54 59 65 51 63 47 45 45 42 45 46 94 52 164 48 49 58 73 86 111 208 208 222 183 158 237 228 209 239 239 245 248 210 239 246 243 249 252 252 223 211 237 235 252 227 235 226
52 43 52 55 51 50 51 51 47 58 49 51 51 50 52 53 52 50 51 52 51 54 53 47 56 40 255 255 42 46 53 55 46 48 47 54 55 54 58 54 47 49 255 255 255 255 255 255 255 50 44 48 55 47 43 41 47 43 62 43 117 39 54 97 100 196 160 164 198 167 141 159 165 184 195 159 91 205 232 224 197 38 205 196 195 251 252 251 177 254 250 240 235 216
61 54 52 56 58 53 50 49 52 50 47 50 48 49 51 50 52 51 50 45 47 48 66 53 99 52 40 255 255 41 38 51 45 46 53 46 50 56 50 58 52 42 255 255 255 255 255 55 255 255 255 255 255 40 47 45 40 47 61 69 179 153 62 112 99 164 199 211 199 175 171 230 149 164 203 100 195 25 83 211 213 176 254 219 232 241 241 251 243 245 233 203 199 233
49 50 51 54 51 48 50 53 48 44 49 50 51 48 49 55 56 50 50 49 51 51 50 51 45 45 44 255 255 41 47 45 46 49 45 45 44 50 47 47 56 50 50 255 255 255 52 72 40 255 255 255 255 255 255 255 255 255 255 129 161 73 255 124 203 253 215 255 201 172 240 244 193 221 235 212 238 215 25 223 174 150 183 214 235 253 228 227 224 251 232 172 231 229
46 49 50 50 46 48 49 46 45 49 48 50 54 47 48 51 50 52 53 50 48 50 47 52 61 50 52 255 255 255 255 50 41 41 42 46 44 47 51 47 57 46 47 44 49 53 54 57 56 41 48 255 255 255 255 255 255 255 255 255 165 255 190 255 163 158 167 234 209 141 203 240 198 211 236 149 220 98 230 215 120 172 219 241 250 240 147 64 234 239 236 231 237 224
49 51 48 49 51 52 49 46 46 43 48 50 43 49 51 52 53 53 51 51 49 48 48 51 48 47 43 37 255 255 255 48 53 43 39 45 45 51 52 49 56 51 51 46 51 59 65 48 45 49 49 56 255 255 255 255 255 255 255 255 255 255 169 170 156 238 210 161 175 204 207 188 190 243 163 177 61 234 227 74 178 231 195 255 237 245 235 153 216 191 225 246 236 227
52 49 51 48 53 53 50 50 50 49 44 53 55 53 48 51 49 52 53 51 48 54 51 46 49 44 42 41 46 255 255 47 57 48 48 42 44 46 49 52 50 48 52 48 51 64 60 55 44 45 48 255 255 255 255 255 255 255 255 255 255 255 215 103 255 211 213 177 231 238 215 237 225 121 213 179 194 254 188 255 255 255 255 255 236 242 130 141 229 222 234 222 250 252
49 49 50 50 50 49 50 49 50 51 46 53 52 51 49 48 52 54 52 48 48 52 48 46 46 43 44 43 47 255 255 255 53 56 42 43 51 58 48 44 52 47 47 47 50 60 53 49 45 46 255 255 255 255 255 255 255 255 255 255 255 255 255 255 255 193 189 224 221 236 222 186 239 183 219 155 241 195 71 255 255 255 255 255 255 226 148 133 222 226 232 236 232 214
48 48 48 52 46 49 50 49 52 48 47 52 49 49 51 51 49 50 51 49 49 50 55 44 46 45 47 45 51 255 255 255 255 82 52 46 54 57 52 51 47 48 48 52 60 62 51 45 53 55 255 255 255 255 255 255 255 255 255 255 255 255 255 255 255 197 202 221 219 235 222 218 220 188 222 192 251 255 255 255 255 255 255 255 255 255 232 202 242 236 220 237 239 213
60 59 47 46 48 46 44 45 47 46 49 52 51 52 53 50 48 49 49 52 51 48 47 50 50 45 46 52 47 41 255 255 255 62 56 47 54 54 52 49 54 56 53 51 52 51 51 50 49 255 255 255 255 255 255 255 255 255 255 255 255 255 255 255 255 206 185 163 236 202 229 194 230 208 205 177 255 255 255 255 255 255 255 255 255 255 241 188 210 248 236 247 241 230
66 48 46 44 43 43 46 47 46 45 48 50 49 51 51 46 47 50 49 52 53 48 52 52 53 49 45 50 57 56 52 255 255 255 76 64 46 54 52 56 57 56 56 58 55 58 64 255 255 255 255 255 255 255 255 255 255 255 255 255 255 255 255 255 255 225 109 116 207 206 149 194 217 249 147 255 255 255 255 255 255 255 255 255 255 255 255 202 176 241 152 233 235 239
58 51 47 47 46 50 47 47 44 49 49 52 53 56 65 51 52 54 50 54 52 51 53 49 54 69 42 54 74 75 96 255 255 255 255 74 62 52 47 48 66 56 56 61 255 255 255 255 255 255 255 255 255 255 255 255 255 255 255 255 255 255 255 255 255 199 204 206 193 136 163 148 87 132 255 255 255 255 255 255 255 255 255 255 255 255 245 178 255 181 232 187 198 254
108 82 56 61 62 57 63 62 60 67 53 53 96 120 74 60 60 60 74 60 56 55 60 57 61 95 105 139 111 134 122 66 255 255 255 170 90 48 47 64 62 71 62 66 255 255 255 255 255 255 255 255 255 255 255 255 255 255 255 255 255 255 255 255 255 255 223 154 132 161 119 129 255 255 255 255 255 255 255 255 255 255 255 255 255 255 255 255 255 255 237 192 206 193
86 117 133 102 105 88 102 81 107 142 145 112 110 131 121 107 71 102 70 82 60 74 60 60 79 94 91 90 162 168 163 146 48 255 255 172 114 78 48 63 69 255 255 255 255 255 255 255 255 255 255 255 255 255 255 255 255 255 255 255 255 255 255 255 255 255 136 199 139 171 109 137 255 255 255 255 255 255 255 255 255 255 255 255 255 255 255 255 255 255 247 184 177 247
122 132 114 116 177 255 255 106 144 145 195 182 179 138 138 165 154 117 73 77 123 108 88 92 75 98 153 109 206 215 126 166 49 56 255 63 71 62 255 255 255 255 255 255 255 255 255 255 255 255 255 255 255 255 255 255 255 255 255 255 255 255 255 255 255 255 255 208 177 153 143 211 255 255 255 255 255 255 255 255 255 255 255 255 255 255 255 255 255 255 252 227 255 228
188 155 158 115 197 188 157 190 165 193 216 169 131 176 156 216 119 118 114 104 108 130 143 143 122 196 205 242 242 210 188 188 65 58 56 255 255 255 255 255 255 255 255 255 255 65 255 255 255 255 255 255 255 255 255 255 255 255 255 255 255 255 255 255 255 255 255 249 157 193 143 178 255 255 255 255 255 255 255 255 255 255 255 255 255 255 255 255 255 255 255 249 255 255
179 162 148 144 201 226 221 209 206 214 214 186 220 227 205 201 171 130 118 113 150 219 195 157 210 128 255 243 216 204 151 185 67 144 52 255 255 255 255 255 255 255 76 255 255 255 255 255 255 255 255 255 255 255 255 255 255 255 255 255 255 255 255 255 255 255 255 255 233 180 173 145 255 255 255 255 255 255 255 255 255 255 255 255 255 255 255 255 255 255 255 227 255 255
210 202 171 111 187 180 184 171 157 224 230 207 210 213 222 219 216 229 210 173 184 206 194 207 171 241 231 227 230 196 184 196 116 89 56 67 255 57 61 64 58 55 60 255 255 255 255 255 255 255 255 255 255 255 255 255 255 255 255 255 255 255 255 255 255 255 255 255 249 138 161 148 255 255 255 255 255 255 255 255 255 255 255 255 255 255 255 255 255 255 239 255 255 255
196 165 224 162 162 177 190 167 208 196 214 217 222 229 232 226 220 216 223 204 203 237 167 230 187 228 231 224 238 218 203 213 91 181 184 98 66 84 76 60 59 60 61 255 255 255 255 255 255 255 255 255 255 255 255 255 255 255 255 255 255 255 255 255 255 255 255 255 193 171 104 255 255 255 255 255 255 255 255 255 255 255 255 255 255 255 255 255 255 255 243 255 255 255
185 197 179 219 180 206 227 208 194 202 225 241 231 239 230 232 234 239 236 220 203 227 194 211 226 215 254 232 225 219 227 194 190 166 134 88 82 79 75 60 55 62 255 255 255 255 255 255 255 255 255 255 255 255 255 255 255 255 255 255 255 255 255 255 255 255 255 255 255 185 255 255 190 255 255 255 255 255 255 255 255 255 255 255 255 255 255 255 255 255 233 239 255 255
187 193 219 234 227 203 215 203 233 230 239 239 238 239 228 237 227 230 242 236 224 238 189 216 232 204 226 226 226 176 255 208 197 104 71 80 91 91 82 91 73 68 255 255 255 255 255 255 255 255 255 255 255 255 255 255 255 255 255 255 255 255 255 255 255 255 255 255 255 255 255 255 228 202 255 255 255 255 255 255 255 255 255 255 255 255 255 255 255 255 255 238 255 255
191 229 227 219 191 220 234 234 230 212 243 241 243 242 241 243 242 236 236 235 237 233 213 220 217 183 228 229 224 200 198 238 147 90 74 98 86 82 78 71 70 255 255 255 255 255 255 255 255 255 255 255 255 255 255 255 255 255 255 255 255 255 255 255 255 255 255 255 255 255 255 255 235 202 255 255 255 255 255 255 255 255 255 255 255 255 255 255 255 255 255 255 236 241
