sandbox/data/kelannen.asc
ncols 360
nrows 180
xllcorner -36.248
yllcorner 90
cellsize 5
[rows 57 to 113 of 180, columns 96 to 191 of 360]
94 71 85 7 5 53 39 60 82 82 52 54 0 10 81 10 5 9 15 72 13 87 64 28 84 49 0 20 69 23 40 57 16 80 83 26 30 73 45 72 73 69 98 5 35 6 99 39 2 83 90 85 63 0 68 56 38 37 63 51 60 3 17 83 60 47 91 59 27 11 91 26 69 21 78 19 82 19 86 38 24 88 10 54 55 27 78 78 44 37 0 89 72 77 53 69
85 27 24 88 29 2 85 99 94 30 59 55 48 69 65 56 38 79 46 89 34 95 92 21 17 82 18 71 86 85 31 99 85 11 20 56 25 39 22 64 2 77 55 35 33 11 11 62 64 69 65 82 91 48 82 17 70 16 45 79 93 49 4 28 15 35 27 6 94 17 49 62 1 84 17 94 95 42 97 78 61 13 16 63 22 69 18 72 54 4 78 60 1 65 8 59
32 53 5 24 16 44 17 24 40 44 44 8 19 67 45 12 65 50 57 69 9 12 27 51 1 62 41 84 95 65 14 0 13 44 12 77 16 63 37 31 49 81 9 5 81 21 93 66 87 52 54 71 73 29 71 83 10 0 94 81 15 66 94 95 68 78 8 28 4 72 68 18 16 14 53 98 4 29 71 5 56 70 34 42 63 47 5 53 68 40 32 14 31 71 68 54
45 31 30 83 41 77 23 19 92 12 24 90 8 36 25 91 74 0 54 14 28 24 1 88 10 88 86 49 13 94 28 16 67 70 30 49 83 82 26 66 0 37 97 20 3 96 68 16 58 86 63 31 16 41 20 77 53 74 53 38 19 53 100 18 50 62 58 84 100 84 90 92 64 33 78 58 52 28 63 9 4 37 59 30 38 18 79 70 89 52 32 30 7 23 16 27
35 48 7 82 78 100 1 64 43 71 33 33 24 43 21 29 17 62 62 42 92 89 9 90 73 20 6 43 29 71 14 55 89 25 30 100 30 77 1 17 18 30 1 83 41 74 11 28 47 20 8 82 99 84 55 3 78 43 63 37 42 87 86 16 40 38 7 61 28 79 83 73 78 19 74 92 64 67 100 40 12 52 94 53 95 24 69 17 91 19 100 68 88 93 26 92
81 67 51 52 59 10 91 13 84 78 85 6 78 3 7 21 100 8 85 22 23 66 4 61 60 10 64 87 36 23 64 4 76 32 3 33 50 32 96 50 44 83 96 76 83 45 63 4 4 53 64 15 7 46 92 84 19 66 13 71 8 40 99 68 21 65 17 87 18 65 15 90 96 87 61 89 61 11 60 7 35 77 59 27 5 70 42 6 45 47 25 57 0 58 57 97
46 0 60 84 24 3 35 34 28 24 43 88 46 0 46 98 45 83 34 9 10 78 72 2 29 72 26 55 28 87 79 59 57 90 17 83 29 86 27 94 70 23 78 59 73 70 36 58 45 51 93 54 93 85 26 40 85 4 23 66 4 60 35 79 24 48 95 45 9 33 52 47 76 27 57 36 67 58 14 45 68 59 93 21 24 78 48 61 70 57 49 7 35 79 5 57
82 4 58 81 10 42 53 99 38 55 27 22 83 74 56 38 84 100 100 81 7 53 13 47 60 50 15 42 77 44 22 54 47 90 34 13 94 63 19 44 27 56 50 78 74 26 22 78 93 70 56 59 90 47 76 22 25 54 49 87 13 19 70 50 43 87 26 64 68 73 93 81 77 76 58 43 26 0 100 62 37 33 33 47 29 61 98 27 83 85 14 31 71 65 59 8
37 79 74 20 62 98 95 43 0 100 76 95 69 57 82 74 91 35 7 69 47 90 67 7 85 10 43 75 20 45 94 11 27 27 44 46 10 21 11 97 6 95 67 18 60 4 82 6 74 44 95 99 20 7 91 94 23 75 23 61 17 33 33 44 41 97 58 40 14 75 63 56 93 44 36 74 40 61 10 12 77 29 23 73 80 49 30 62 63 74 98 77 52 54 68 75
92 93 96 36 86 76 4 63 26 9 37 45 47 78 100 56 62 38 30 54 27 22 94 70 33 61 56 45 6 76 33 28 75 15 10 93 35 76 49 58 59 62 23 69 33 79 2 12 74 90 42 41 10 26 17 3 57 56 96 30 68 8 13 73 34 5 16 19 49 22 72 95 45 7 99 67 3 58 65 93 31 10 3 77 3 27 35 8 4 28 81 55 49 100 55 91
76 32 53 26 78 80 71 67 15 26 6 35 28 96 56 0 49 74 49 21 98 33 66 24 92 70 65 5 37 47 67 84 73 68 90 53 49 29 66 1 3 65 64 100 72 63 19 21 22 67 14 49 97 71 13 68 5 6 45 74 31 69 64 51 51 7 39 61 17 73 50 37 22 47 68 93 92 50 89 8 95 57 41 26 5 0 21 32 26 99 24 78 59 99 56 30
14 40 1 38 43 52 33 9 0 19 63 77 40 31 61 85 6 39 68 94 51 22 35 68 81 42 23 0 51 97 10 80 29 18 56 1 27 2 56 69 84 60 34 13 2 66 46 0 13 47 71 40 10 36 3 42 28 89 57 72 85 1 86 81 10 83 82 65 81 62 31 14 98 19 78 23 77 71 60 10 84 33 51 60 30 44 57 57 16 38 88 9 6 10 11 12
74 92 0 59 48 1 47 49 11 94 5 35 20 7 44 43 6 93 84 96 5 23 15 82 55 86 48 78 80 49 8 97 70 61 31 18 75 55 61 48 57 82 27 75 93 63 60 53 80 93 88 1 83 27 87 45 83 35 8 51 92 71 27 23 92 89 8 13 99 72 95 57 80 87 3 49 31 79 28 43 54 35 62 84 63 0 51 57 45 80 23 23 45 52 65 53
19 26 5 34 75 36 72 51 7 94 100 21 84 63 59 1 1 96 68 47 68 76 23 36 33 76 23 8 32 59 48 6 80 47 78 81 57 100 90 22 19 21 43 87 78 67 0 16 14 68 15 52 11 88 64 79 50 49 23 54 89 73 38 4 6 66 19 73 1 0 23 19 7 88 90 72 88 32 38 18 11 50 72 63 11 77 26 79 83 29 69 91 40 65 40 92
49 85 36 17 46 41 13 88 35 44 65 38 85 94 10 5 78 49 57 57 14 45 84 0 78 10 80 65 74 29 0 7 32 82 96 86 59 48 73 77 91 19 92 45 51 53 46 25 1 13 31 74 3 50 37 29 24 84 41 83 97 92 17 46 70 99 1 96 78 61 25 71 59 69 61 69 31 19 95 32 80 32 57 65 48 99 28 26 43 25 35 98 59 86 100 99
4 49 69 71 28 25 75 96 19 100 75 66 5 82 30 83 62 44 48 12 32 43 35 100 21 0 67 7 93 64 91 51 80 79 16 44 91 33 37 88 71 84 14 54 43 92 54 28 24 95 19 24 13 17 83 10 2 51 67 76 49 43 31 34 16 27 44 19 90 40 92 69 1 25 27 53 52 65 64 7 73 56 22 50 15 77 25 82 14 100 97 27 38 65 72 33
12 23 90 95 93 70 25 82 71 50 70 55 0 67 80 16 21 68 77 56 53 48 63 71 91 5 80 56 100 52 28 36 38 11 40 47 57 64 70 62 57 44 28 22 34 36 20 0 98 8 80 7 71 20 1 10 95 80 70 72 61 1 11 53 40 75 76 41 45 80 98 10 89 62 93 37 23 65 78 16 95 82 93 21 27 74 79 0 76 44 46 54 29 98 39 79
83 8 31 0 60 20 71 9 14 93 6 7 61 27 83 24 54 76 46 19 97 45 28 40 69 1 99 33 37 42 38 41 82 98 10 59 6 63 67 17 35 82 84 4 19 14 3 32 27 54 25 38 31 89 88 79 3 24 42 57 19 72 84 24 92 17 55 44 78 74 87 0 29 91 31 99 10 9 53 55 78 17 65 47 96 3 33 29 20 75 26 59 41 45 97 39
4 14 50 71 84 20 53 65 19 55 39 65 78 96 49 52 92 43 33 67 33 64 5 79 27 86 23 48 99 72 36 62 93 100 36 59 55 85 23 94 8 96 47 7 36 71 4 57 93 92 67 98 83 75 19 10 80 81 64 83 26 66 51 53 24 86 93 0 41 68 98 65 63 99 67 93 67 68 18 28 5 12 5 70 58 9 6 12 78 64 71 67 55 83 5 54
15 66 93 24 9 12 0 87 10 26 95 79 63 53 51 22 63 20 12 85 33 40 90 7 57 63 25 20 42 55 16 56 91 61 19 11 50 35 32 12 48 13 15 76 28 34 49 28 18 32 4 76 74 44 62 74 55 52 63 69 46 63 72 83 48 97 74 92 18 98 14 59 61 69 93 28 62 78 95 47 85 73 39 56 99 58 57 64 8 79 11 58 3 1 22 1
86 18 48 60 57 37 24 14 56 59 31 5 73 40 19 33 100 4 26 79 49 38 72 22 56 42 80 43 0 99 26 81 41 68 64 40 87 18 97 27 28 15 69 51 77 26 11 64 25 64 39 15 40 44 53 11 50 70 48 68 0 14 70 84 29 4 38 54 0 99 70 78 45 65 0 75 6 64 33 30 33 79 73 28 23 21 31 78 22 4 21 16 79 87 31 41
64 70 66 61 77 40 93 5 87 60 58 98 96 23 49 17 81 63 45 82 79 23 14 31 44 33 62 69 54 15 55 65 95 73 92 0 61 75 19 71 60 62 42 84 86 85 50 56 73 4 15 2 64 94 57 88 27 69 16 29 22 70 25 6 38 93 63 37 41 15 15 12 100 58 11 89 40 72 17 80 72 84 70 80 26 88 21 8 34 2 34 66 39 75 69 26
30 0 53 58 97 11 73 3 10 34 28 92 25 17 9 72 68 98 95 84 88 18 70 56 0 33 68 36 94 25 81 59 48 7 53 68 92 48 11 54 35 47 74 90 32 0 40 79 34 73 96 43 82 50 57 97 5 94 13 1 83 88 47 18 77 54 7 70 78 98 4 20 73 10 63 26 71 93 31 39 34 44 79 13 60 56 71 64 93 38 18 75 70 72 80 5
25 19 15 37 70 98 37 100 14 77 62 63 55 44 70 55 53 37 94 47 58 97 61 34 26 57 35 74 76 40 44 70 53 77 75 17 15 58 3 26 15 66 6 11 46 23 97 20 14 48 96 91 29 96 24 49 31 40 2 4 83 86 20 94 53 16 31 50 10 97 15 9 72 84 83 94 50 16 21 92 42 7 98 95 28 55 27 100 59 14 92 93 36 4 91 8
95 65 67 71 33 48 23 12 81 22 71 36 62 10 93 56 76 28 71 38 55 6 88 34 44 54 32 46 72 52 27 15 88 3 44 31 42 86 24 97 70 37 88 66 86 53 34 16 78 11 29 70 99 32 89 24 71 8 4 35 59 56 2 73 70 42 73 76 57 6 92 0 67 5 78 10 92 2 47 5 87 7 51 68 4 29 96 94 30 14 70 73 99 57 58 16
53 71 18 50 10 93 59 26 73 70 13 75 62 57 24 8 44 51 29 58 23 44 38 54 72 48 0 54 15 23 75 44 34 39 14 98 57 86 94 1 77 4 48 39 32 24 52 42 33 76 100 80 25 26 43 70 86 68 27 85 0 60 12 89 82 13 76 45 61 41 43 51 61 77 0 56 98 64 0 82 46 47 86 79 91 88 35 81 17 90 14 92 16 75 41 26
3 69 75 9 16 47 86 96 57 49 8 0 98 42 46 43 12 9 35 36 31 7 33 82 78 57 18 37 33 90 62 74 6 82 59 58 77 54 50 17 76 47 96 62 43 41 64 79 26 41 43 17 16 57 72 86 56 48 87 26 86 84 98 64 52 50 27 9 73 65 96 16 46 90 39 40 46 66 84 76 35 9 26 91 36 2 49 13 16 83 18 49 34 25 81 94
47 49 19 81 50 2 13 65 40 92 92 90 22 94 26 63 62 61 23 87 80 56 51 89 42 37 5 64 30 61 80 41 0 78 38 48 47 51 96 55 43 57 67 24 72 96 63 4 15 17 15 94 68 32 55 55 44 10 37 49 8 36 44 75 18 24 94 89 35 62 35 34 26 11 41 1 33 77 58 86 2 2 68 46 58 63 42 14 31 62 16 100 92 81 84 95
56 97 41 45 76 84 94 9 75 43 87 5 35 47 46 83 44 77 99 52 69 74 34 44 41 19 76 85 15 39 70 21 74 78 64 65 79 35 24 28 23 68 77 42 67 81 80 20 24 29 10 7 72 56 53 88 80 70 2 17 40 99 56 70 67 94 76 28 96 98 6 73 68 8 75 88 78 33 72 78 43 76 84 55 27 10 63 5 23 77 67 31 16 21 22 46
78 44 12 61 80 3 43 12 3 73 49 92 84 66 25 64 6 91 91 17 97 83 76 46 56 34 80 87 17 91 11 14 44 99 69 79 41 35 85 46 58 53 42 26 77 67 66 52 33 72 15 75 59 30 9 20 30 97 79 25 40 71 90 70 31 62 62 5 48 50 21 93 91 81 57 58 97 34 29 48 5 35 31 27 41 13 23 84 55 26 31 37 14 38 17 56
43 53 30 61 4 41 24 27 91 35 89 82 69 74 16 76 65 46 24 93 87 55 48 97 64 21 100 89 97 32 4 66 47 11 49 52 63 24 46 43 71 66 29 15 48 67 68 58 1 4 84 51 66 64 63 17 88 25 64 64 35 40 60 12 5 71 60 8 1 46 82 28 66 4 46 84 6 28 79 59 13 96 70 10 32 7 71 34 7 60 38 27 6 36 89 23
35 68 68 27 58 74 91 4 91 84 90 81 68 81 10 55 42 65 41 87 84 9 99 79 87 38 43 49 53 70 6 40 66 39 42 92 94 100 16 70 36 32 64 44 25 69 89 42 16 89 36 57 26 57 37 65 53 25 17 14 1 78 64 97 35 76 92 68 53 90 12 48 52 50 37 80 50 19 96 22 100 24 7 24 52 21 68 92 57 26 45 49 33 20 41 52
15 6 58 57 49 34 79 40 0 64 49 41 13 27 85 23 33 80 76 42 84 12 4 59 68 73 72 5 17 31 100 8 3 54 14 39 32 71 22 18 98 9 73 39 69 68 31 46 27 76 54 33 5 4 4 39 46 46 25 43 22 24 12 98 5 48 8 36 55 14 36 10 20 65 68 2 8 68 40 79 87 72 15 55 97 76 87 41 25 32 59 72 25 80 13 12
17 80 72 21 62 51 36 60 86 19 75 71 87 61 45 57 19 92 27 21 26 23 45 73 11 56 1 80 38 58 40 58 88 75 61 55 60 80 38 45 87 24 63 54 96 75 90 94 83 9 90 83 44 92 71 93 76 34 19 88 79 53 0 47 76 91 66 4 18 84 97 27 32 93 44 1 91 66 56 73 42 23 87 57 41 64 63 74 3 72 37 7 84 48 3 99
53 9 65 68 4 79 10 59 98 11 61 72 96 30 69 46 68 63 15 30 27 96 72 69 70 63 50 5 51 40 53 25 36 75 4 42 28 57 5 62 12 96 13 4 86 28 55 30 68 47 38 88 57 16 81 80 41 77 1 38 94 20 76 2 92 99 41 25 57 9 32 86 4 12 62 69 89 33 34 53 71 46 2 72 92 45 7 46 39 65 45 57 50 4 78 66
86 1 9 84 37 88 18 47 39 83 42 70 41 24 41 33 0 37 72 61 12 27 1 82 50 98 71 35 29 84 48 26 13 39 69 45 9 31 47 57 91 65 41 53 93 41 97 17 58 7 30 67 36 44 92 61 36 9 32 8 61 42 76 34 26 79 65 13 58 66 86 99 27 99 10 65 34 3 89 48 44 89 5 52 76 92 74 25 18 33 76 60 52 22 57 47
33 16 83 80 82 76 35 89 58 79 51 21 72 38 94 68 4 6 88 83 84 15 38 48 15 56 89 37 12 48 71 14 10 13 11 3 70 89 26 76 74 4 23 50 15 64 95 37 2 73 26 49 17 22 21 4 53 20 71 94 84 31 63 85 35 66 71 39 27 13 71 47 82 46 91 50 22 2 92 85 84 61 44 65 48 99 18 95 72 65 68 29 80 42 66 90
45 12 28 81 91 64 22 65 68 19 68 76 29 43 34 63 90 9 24 100 46 49 45 4 74 57 74 100 93 3 45 0 76 65 35 11 98 5 99 14 78 83 93 33 65 47 29 59 36 7 90 75 20 95 90 45 80 78 83 93 72 65 9 35 83 83 45 48 15 31 74 51 21 32 79 100 79 24 19 86 79 16 61 79 50 5 92 89 1 39 43 88 71 7 40 41
98 99 48 86 52 89 56 54 72 19 89 13 21 50 99 17 75 3 20 14 15 21 41 39 100 40 2 43 80 93 100 21 6 33 83 89 23 38 66 11 68 89 16 80 15 80 70 55 82 82 47 21 34 44 64 67 12 21 1 81 42 38 33 51 62 85 47 48 29 69 75 15 26 88 69 30 5 88 45 31 97 83 52 18 42 44 7 38 53 87 79 42 20 72 93 9
54 95 95 21 20 62 17 63 36 50 41 25 45 86 42 74 19 44 99 37 7 0 7 100 19 85 35 4 49 67 97 44 72 94 38 88 90 81 18 45 51 17 70 23 18 36 64 71 0 15 82 54 87 56 38 46 88 62 42 11 16 80 4 66 55 72 1 76 69 62 33 86 88 73 83 7 78 36 43 97 88 81 19 30 1 91 19 79 98 13 77 88 6 9 80 83
6 46 19 60 35 65 37 59 23 12 16 30 19 70 5 67 57 94 98 49 100 61 5 89 32 26 98 42 89 83 3 35 86 31 10 45 44 6 64 86 22 29 16 84 94 47 73 79 87 29 85 43 87 3 48 16 1 89 80 64 7 64 93 32 99 22 64 11 34 99 59 100 11 59 83 75 8 24 8 68 82 43 30 48 15 23 0 21 58 91 31 46 35 23 56 7
90 64 24 35 49 55 62 31 87 88 23 43 13 96 38 76 91 85 61 68 54 75 71 67 13 18 100 87 81 53 21 20 92 40 63 58 33 100 87 50 42 39 72 75 43 43 73 75 34 61 53 27 72 17 12 35 97 41 56 31 93 86 49 33 23 55 41 69 86 2 12 95 40 53 61 30 62 100 33 47 21 85 61 66 39 56 85 30 32 50 47 42 58 89 43 5
82 36 88 98 45 41 80 59 2 97 77 54 45 11 64 13 17 32 63 25 2 61 34 7 72 56 21 21 55 13 31 83 63 8 74 75 50 88 68 18 38 92 36 22 4 70 84 63 64 96 43 72 94 68 61 67 43 12 40 33 80 47 62 36 30 15 49 57 20 82 6 56 56 12 85 76 75 78 82 73 26 97 22 65 8 20 96 58 45 17 43 47 64 72 48 87
77 17 74 85 37 50 25 69 90 82 2 6 21 10 96 21 63 58 38 89 14 51 72 79 99 89 54 11 55 33 58 92 56 98 51 4 45 35 56 61 43 95 93 50 80 69 19 16 24 79 7 56 69 62 20 86 22 50 6 1 48 19 24 91 13 50 67 33 32 99 4 87 47 75 66 96 94 100 31 38 15 49 10 37 76 16 50 14 6 8 10 83 49 37 67 1
62 49 70 56 73 62 9 89 57 41 61 11 2 44 99 22 98 49 38 17 14 41 5 41 69 32 85 34 68 46 86 27 91 77 1 26 76 36 8 54 41 81 49 61 51 11 57 84 13 61 54 58 31 38 22 87 53 4 80 33 94 86 61 44 84 40 0 23 41 16 7 62 11 64 52 76 91 30 99 31 51 40 6 7 7 70 2 34 63 6 0 5 10 32 91 89
47 99 52 72 25 99 89 97 76 5 35 44 62 76 38 36 19 13 24 84 41 24 60 43 80 33 21 92 22 100 51 11 62 20 74 60 38 53 8 41 26 32 73 29 28 70 76 49 28 2 51 86 30 27 33 69 84 81 94 62 1 66 49 40 30 58 7 99 81 51 99 8 19 11 27 32 66 65 15 80 85 1 36 30 81 31 41 93 45 45 81 45 85 58 60 97
60 6 78 67 16 90 25 29 84 20 49 14 12 86 88 88 53 43 8 58 68 28 87 41 63 95 15 69 77 63 62 0 92 71 71 63 82 100 82 26 96 40 68 70 79 92 26 94 98 39 80 55 24 43 19 19 35 76 48 72 13 6 69 12 57 78 9 52 58 72 74 42 37 24 44 33 14 19 61 1 72 65 0 99 0 47 16 100 61 68 32 24 94 60 11 73
98 47 95 32 9 82 34 98 31 0 38 78 48 73 35 48 78 1 34 22 0 76 70 70 37 64 24 7 91 92 82 13 47 83 11 2 65 15 49 73 89 52 58 23 6 13 34 27 24 35 19 12 1 59 81 12 58 46 38 16 56 91 16 18 75 38 47 63 43 33 52 74 77 83 50 57 28 70 93 68 24 67 6 39 9 43 75 72 6 100 56 1 7 62 67 74
19 95 6 12 98 95 48 100 86 29 35 19 36 55 67 10 67 20 8 27 29 52 0 54 20 3 65 88 83 17 71 1 21 90 46 31 5 93 3 58 62 49 39 88 41 70 5 19 42 82 68 64 6 57 29 64 11 8 32 91 96 89 69 43 14 84 12 4 1 42 84 81 41 7 6 30 88 69 63 47 99 48 46 48 78 37 34 5 81 36 83 76 62 63 58 31
70 34 52 5 2 64 97 41 84 25 69 30 87 57 77 16 1 13 42 0 83 87 38 34 53 25 27 10 99 38 3 73 66 7 38 78 100 63 29 97 83 52 18 80 6 25 75 49 12 21 65 18 43 72 28 86 31 34 41 88 14 79 43 90 91 9 87 29 6 24 43 64 45 57 37 48 10 70 92 79 35 69 66 78 73 100 87 42 82 8 85 9 83 94 31 77
22 60 83 68 99 48 11 65 72 13 10 9 88 22 90 64 44 14 25 15 46 15 90 9 7 5 86 63 97 53 11 34 20 90 76 46 2 33 50 1 78 32 43 28 45 96 6 91 33 26 31 80 6 95 30 91 53 87 3 13 100 50 76 31 13 86 79 36 65 78 8 71 59 78 43 44 77 35 74 56 13 44 9 53 85 33 19 74 68 17 29 55 90 25 70 18
94 41 34 0 2 78 14 41 40 48 59 85 35 53 59 44 93 7 15 47 67 32 50 87 72 76 65 12 79 43 32 57 38 68 18 28 31 97 92 64 0 59 1 47 95 14 44 80 28 3 5 97 9 10 87 41 24 92 65 60 53 60 1 34 11 57 34 22 82 60 87 98 11 41 69 70 47 15 98 35 59 77 1 25 54 29 53 0 100 44 92 15 70 78 0 12
84 96 70 86 41 79 23 10 41 2 3 72 7 79 55 47 83 99 15 20 97 53 28 52 3 75 27 56 22 53 58 28 23 89 25 16 65 73 31 58 26 11 36 68 96 48 15 83 95 51 66 30 78 7 81 19 38 14 15 15 42 99 24 50 50 92 85 5 55 9 8 37 100 41 94 61 99 57 8 14 77 72 91 75 81 94 49 82 92 99 20 39 0 92 15 94
59 31 26 96 65 82 67 23 15 2 8 84 44 78 20 21 79 10 8 21 77 52 35 51 13 25 19 71 86 100 23 75 59 100 57 34 11 33 17 18 7 6 73 70 4 75 52 88 82 86 72 67 75 57 25 82 53 50 10 26 35 60 17 49 18 73 7 45 33 69 15 64 38 85 26 59 46 87 39 68 48 47 2 43 80 89 37 22 25 62 97 56 79 38 24 19
88 80 91 23 76 10 70 3 13 65 2 55 90 65 71 14 63 44 68 69 17 7 43 27 24 62 49 97 76 7 33 31 86 83 22 64 4 8 69 16 90 74 62 39 76 72 12 56 32 8 79 45 63 53 11 31 70 79 47 23 23 67 82 62 35 7 98 46 17 33 100 61 47 47 12 26 17 0 94 64 32 22 30 41 67 71 17 18 71 61 87 32 15 62 80 13
70 98 85 17 42 92 31 86 86 11 62 92 17 42 49 32 75 51 61 2 46 25 10 31 12 35 65 85 99 35 23 0 43 46 73 85 50 41 18 87 86 80 94 88 43 48 25 21 53 100 47 78 43 54 50 51 68 26 76 18 49 26 22 39 91 64 49 29 74 21 48 85 35 13 68 33 10 99 47 73 42 14 55 95 100 4 95 23 36 22 85 96 0 64 52 79
89 58 15 8 93 99 21 93 54 19 36 89 71 27 22 63 30 96 82 7 47 65 57 4 75 46 95 48 84 17 16 83 85 71 84 74 81 73 2 82 93 58 44 12 69 34 84 71 38 67 23 74 51 24 12 39 9 24 36 56 85 28 39 55 29 76 0 9 84 85 59 94 49 36 85 53 15 69 40 42 77 94 14 17 16 28 4 77 11 55 31 14 5 36 57 87
