sandbox/data/kelannen.asc
ncols 360
nrows 180
xllcorner -180
yllcorner -90
cellsize 1
NODATA_value -3.4e+38
[rows 0 to 41 of 180, columns 188 to 281 of 360]
255 255 255 255 255 255 255 255 255 255 255 255 255 255 255 255 255 255 255 255 255 255 255 255 255 255 255 255 255 255 255 255 255 255 255 255 255 255 255 255 255 255 255 255 255 255 255 255 255 255 255 255 255 255 255 255 255 255 255 255 255 255 255 255 255 255 255 255 255 255 255 255 255 255 255 255 255 255 255 255 255 255 255 255 255 255 255 255 255 255 255 255 255 255
255 255 255 255 255 255 255 255 255 255 255 255 255 255 255 255 255 255 255 255 255 255 255 255 255 255 255 255 255 255 255 255 255 255 255 255 255 255 255 255 255 255 255 255 255 255 255 255 255 255 255 255 255 255 255 255 255 255 255 255 255 255 255 255 255 255 255 255 255 255 255 255 255 255 255 255 255 255 255 255 255 255 255 255 255 255 255 255 255 255 255 255 255 255
255 255 255 255 255 255 255 255 255 255 255 255 255 255 255 255 255 255 255 255 255 255 255 255 255 255 255 255 255 255 255 255 255 255 255 255 255 255 255 255 255 255 255 255 255 255 255 255 255 255 255 255 255 255 255 255 255 255 255 255 255 255 255 255 255 255 255 255 255 255 255 255 255 255 255 255 255 255 255 255 255 255 255 255 255 255 255 255 255 255 255 255 255 255
255 255 255 255 255 255 255 255 255 255 255 255 255 255 255 255 255 255 255 255 255 255 255 255 255 255 255 255 255 255 255 255 255 255 255 255 255 255 255 255 255 255 255 255 255 255 255 255 255 255 255 255 255 255 255 255 255 255 255 255 255 255 255 255 255 255 255 255 255 255 255 255 255 255 255 255 255 255 255 255 255 255 255 255 255 255 255 255 255 255 255 255 255 255
255 255 255 255 255 255 255 255 255 255 255 255 255 255 255 255 255 255 255 255 255 255 255 255 255 255 255 255 255 255 255 255 255 255 255 255 255 255 255 255 255 255 255 255 255 255 255 255 255 255 255 255 255 255 255 255 255 255 255 255 255 255 255 255 255 255 255 255 255 255 255 255 255 255 255 255 255 255 255 255 255 255 255 255 255 255 255 255 255 255 255 255 255 255
255 255 255 255 255 255 255 255 255 255 255 255 255 255 255 255 255 255 255 255 255 255 255 255 255 255 255 255 255 255 255 255 255 255 255 255 255 255 255 255 255 255 255 255 255 255 255 255 255 255 255 255 255 255 255 255 255 255 255 255 255 255 255 255 255 255 255 255 255 255 255 255 255 255 255 255 255 255 255 255 255 255 255 255 255 255 255 255 255 255 255 255 255 255
255 255 255 255 255 255 255 255 255 255 255 255 255 255 255 255 255 255 255 255 255 255 255 255 255 255 255 255 255 255 255 255 255 255 255 255 255 255 255 255 255 255 255 255 255 255 255 255 255 255 255 255 255 255 255 255 255 255 255 255 255 255 255 255 255 255 255 255 255 255 255 255 255 255 255 255 255 255 255 255 255 255 255 255 255 255 255 255 255 255 255 255 255 255
255 255 255 255 255 255 255 255 255 255 255 255 255 255 255 255 255 255 255 255 255 255 255 255 255 255 255 255 255 255 255 255 255 255 255 255 255 255 255 255 255 255 255 255 255 255 255 255 255 255 255 255 255 255 255 255 255 255 255 255 255 255 255 255 255 255 255 255 255 255 255 255 255 255 255 255 255 255 255 255 255 255 255 255 255 255 255 255 255 255 255 255 255 255
255 255 255 255 255 255 255 255 255 255 255 255 255 255 255 255 255 255 255 255 255 255 255 255 255 255 255 255 255 255 255 255 255 255 255 255 255 255 255 255 255 255 255 255 255 255 255 255 255 255 255 255 255 255 255 255 255 255 255 255 255 255 255 255 255 255 255 255 255 255 255 255 255 255 255 255 255 255 255 255 255 255 255 255 255 255 255 255 255 255 255 255 255 255
255 255 255 255 255 255 255 255 255 255 255 255 255 255 255 255 255 255 255 255 255 255 255 255 255 255 255 255 255 255 255 255 255 255 255 255 255 255 255 255 255 255 255 255 255 255 255 255 255 255 255 95 -3.4e+38 255 255 255 255 255 255 255 255 255 255 255 255 255 255 255 255 255 255 255 255 255 255 255 255 255 255 255 255 255 255 255 -3.4e+38 -3.4e+38 9 3 -3.4e+38 255 255 255 255 255
255 255 255 4 -3.4e+38 255 21 255 7 30 14 255 255 6 -3.4e+38 -3.4e+38 -3.4e+38 -3.4e+38 255 255 255 255 255 255 255 255 255 255 255 255 255 255 255 255 255 255 255 255 255 255 255 255 255 255 255 255 255 255 255 255 255 255 255 255 255 255 255 255 255 255 255 255 255 255 255 255 255 255 255 255 255 255 255 255 255 255 255 255 255 255 255 255 255 255 255 255 91 -3.4e+38 70 -3.4e+38 -3.4e+38 -3.4e+38 255 255
255 255 255 59 57 8 127 255 255 12 8 255 255 9 255 255 255 255 255 255 255 255 255 255 255 255 255 255 255 255 255 255 255 255 255 255 255 255 255 255 255 255 255 255 255 255 255 255 255 255 255 255 255 255 255 255 255 255 255 255 255 255 255 255 255 255 255 255 255 255 255 255 255 255 255 255 255 255 255 255 255 255 255 255 255 255 255 255 255 255 255 255 110 -3.4e+38
255 255 255 255 255 255 83 65 11 16 255 255 255 255 255 255 255 255 255 255 255 255 255 255 255 255 255 255 255 255 255 255 255 255 255 255 255 255 255 255 255 255 255 255 255 255 255 255 255 255 255 255 255 255 255 255 255 255 255 255 255 255 255 255 255 255 255 255 255 255 255 255 255 255 255 255 255 255 255 255 255 255 255 255 255 255 255 255 255 255 255 255 255 255
255 255 255 255 255 255 255 255 255 255 255 255 255 255 255 255 255 255 255 255 255 255 255 255 255 255 255 255 255 255 255 255 255 255 255 255 255 255 255 255 255 255 255 255 255 255 255 255 255 255 255 255 255 255 255 255 255 -3.4e+38 -3.4e+38 -3.4e+38 111 255 255 255 255 255 255 255 255 255 255 255 255 255 255 255 255 255 255 255 255 255 255 255 255 255 255 255 255 255 255 255 255 176
255 255 255 255 255 255 255 255 255 255 255 255 255 255 255 255 255 255 255 255 255 255 255 255 255 255 255 255 255 255 255 255 255 255 255 255 255 255 255 255 255 255 255 255 255 255 255 255 255 255 1 1 -3.4e+38 1 255 255 255 255 255 255 255 255 255 255 255 255 255 255 255 255 255 255 255 255 255 255 255 255 255 255 255 255 202 148 161 122 146 170 176 210 196 184 183 154
255 255 255 255 255 255 255 255 255 255 255 255 255 255 255 255 255 255 255 255 255 255 255 255 255 255 255 255 255 255 255 255 255 255 255 255 255 255 255 255 255 255 255 255 255 255 255 255 42 -3.4e+38 17 255 255 255 255 255 255 255 255 255 255 255 255 255 255 255 255 255 255 255 255 255 255 255 255 255 255 255 255 194 181 186 188 172 134 119 128 132 132 143 135 255 255 255
255 255 255 255 255 255 255 255 255 255 255 255 255 255 255 255 255 255 255 255 255 255 255 255 255 255 255 255 255 255 255 255 255 255 255 255 255 255 255 255 255 255 255 255 255 255 113 134 70 255 255 255 255 255 255 255 255 255 255 255 255 255 255 255 255 255 255 255 255 255 255 255 255 193 190 203 175 186 182 178 191 185 145 187 199 209 201 196 192 194 195 183 180 184
255 255 255 255 255 255 255 255 255 255 255 255 255 255 255 255 255 255 255 255 255 255 255 255 255 255 255 255 255 255 255 255 255 255 255 255 255 255 255 255 255 255 255 255 255 91 85 255 255 255 255 255 255 255 255 255 255 255 255 255 255 149 177 167 176 255 255 255 255 180 255 255 255 202 198 172 186 187 186 187 182 194 189 255 200 179 195 195 185 188 177 170 185 186
255 255 255 255 255 255 255 255 255 255 255 255 255 255 255 255 255 255 255 255 255 255 255 255 255 255 255 255 255 255 255 255 255 255 255 255 255 255 255 255 255 255 255 255 255 96 118 190 255 255 255 255 255 255 255 255 255 255 255 255 180 167 151 166 255 187 185 255 255 189 188 189 188 181 176 185 178 177 183 183 187 181 183 175 192 184 167 171 186 173 199 198 186 191
255 255 255 255 255 255 255 255 255 255 255 255 255 255 255 194 185 255 211 175 169 105 121 255 255 255 255 255 255 255 255 255 255 255 255 255 255 255 255 255 255 255 255 255 255 255 255 255 255 255 255 255 255 255 255 255 255 255 255 190 180 182 179 157 255 255 192 188 186 179 172 173 185 201 202 220 193 198 186 184 200 215 188 166 146 155 198 208 208 202 191 171 153 150
255 255 255 255 255 255 255 255 255 172 206 169 226 207 192 195 196 231 167 210 201 216 204 191 255 255 255 255 255 255 255 255 255 255 255 255 255 255 255 255 255 255 255 255 255 255 255 255 255 255 255 255 205 202 206 208 255 255 255 255 180 153 193 188 196 255 181 192 190 172 189 192 187 185 187 176 201 191 219 187 170 214 127 202 131 143 119 98 124 164 165 163 156 156
255 255 255 255 255 255 255 227 142 236 212 223 180 197 208 218 214 222 224 219 136 221 228 222 225 228 211 212 193 208 255 255 255 255 255 255 224 208 255 255 255 255 255 255 255 160 255 201 206 219 213 255 194 191 216 216 204 207 206 193 255 184 188 174 191 255 199 185 197 255 175 182 172 165 180 187 198 205 224 204 236 207 149 210 130 174 193 112 107 167 141 169 200 198
255 255 255 255 255 255 255 220 255 85 188 225 222 212 221 229 223 213 219 217 215 218 216 208 255 229 233 211 220 199 198 209 214 255 255 255 212 255 255 255 224 224 221 213 205 207 217 205 211 187 203 193 202 202 209 200 213 199 134 197 198 185 177 190 255 255 205 199 187 205 188 193 184 187 188 197 206 198 225 228 208 192 186 200 200 188 152 167 173 177 185 200 198 198
255 255 255 255 255 183 131 161 241 235 226 220 216 235 220 242 228 221 229 221 225 224 231 228 220 255 255 228 227 222 216 221 255 255 255 255 200 222 226 223 228 239 239 230 197 218 232 221 227 232 224 220 215 215 217 115 229 210 148 195 207 255 255 255 201 203 180 169 182 189 192 210 171 203 225 209 200 196 224 222 225 211 206 216 213 189 195 203 193 199 166 190 210 193
255 255 255 255 230 215 207 225 227 210 216 217 220 229 255 255 255 230 228 227 225 218 220 224 175 215 255 255 255 255 255 255 238 229 242 227 218 223 220 223 226 241 219 226 228 235 207 225 226 232 221 219 213 147 229 227 231 229 220 215 210 178 210 199 213 203 191 184 179 197 206 209 205 210 200 222 216 224 213 219 224 193 217 186 210 224 205 227 181 213 201 207 201 184
255 255 255 198 237 237 229 240 225 231 233 227 240 255 255 255 226 241 223 242 237 231 223 218 219 229 213 255 255 239 226 211 229 223 234 234 227 224 228 235 195 235 231 218 216 220 222 231 225 232 234 135 246 234 226 216 233 222 212 221 210 217 209 189 198 159 162 167 199 195 196 195 209 217 215 231 227 217 198 255 223 210 221 217 232 242 211 231 218 220 201 205 192 194
195 222 255 232 229 229 232 230 241 222 230 255 255 255 226 233 226 233 238 244 230 239 223 223 230 255 255 231 212 229 230 239 231 231 242 229 247 221 229 237 244 211 238 213 218 234 229 226 208 224 232 226 219 227 210 227 220 209 227 220 204 200 201 255 212 206 202 211 185 131 196 206 216 225 198 214 205 225 213 232 236 240 224 224 233 223 218 231 233 218 216 233 207 195
161 191 211 211 230 204 220 233 236 237 255 255 255 225 221 224 235 233 234 255 243 255 238 228 229 239 255 255 227 214 231 242 230 240 231 238 238 244 231 224 223 246 222 222 244 222 227 232 178 203 225 231 233 221 223 200 209 214 240 229 206 195 199 195 255 202 199 197 187 186 201 186 188 200 200 191 198 215 231 227 229 231 225 242 237 215 232 209 216 226 223 216 231 205
153 209 218 231 228 211 222 221 237 255 255 255 255 234 238 191 235 255 234 226 238 235 255 255 231 226 239 255 237 230 238 240 247 254 225 249 247 250 232 236 218 235 242 239 234 245 190 226 213 225 225 238 216 208 219 235 220 228 227 235 235 213 201 223 202 191 215 208 225 237 232 194 204 196 226 199 222 231 226 213 210 226 231 225 244 238 230 212 239 218 203 199 212 210
213 210 234 231 231 222 228 205 221 237 255 255 255 255 217 228 222 221 227 255 255 235 228 255 255 232 253 235 242 254 248 254 246 239 250 234 248 250 218 243 236 244 220 244 233 226 199 218 225 242 230 232 239 231 230 212 194 194 202 194 187 201 232 204 226 222 225 205 244 205 193 222 206 215 217 226 203 223 213 240 198 204 232 207 224 232 212 239 235 233 212 226 211 224
223 235 255 229 216 216 231 208 255 255 228 255 255 255 255 255 255 222 216 255 230 212 234 249 252 222 236 212 242 243 236 234 225 252 244 244 251 215 247 240 253 230 243 245 215 254 228 243 243 245 236 243 228 235 238 239 212 233 220 235 205 227 225 235 203 213 200 217 207 199 194 235 196 203 198 210 206 217 219 212 209 223 234 227 235 227 218 212 230 225 200 231 231 233
235 255 255 225 255 200 255 168 171 255 255 255 255 255 241 255 203 224 221 255 250 249 247 255 251 221 245 245 242 239 255 249 246 218 235 233 252 228 245 220 217 225 233 226 242 237 225 226 236 247 246 228 238 248 241 242 221 251 201 233 233 198 221 193 209 221 217 232 227 208 214 227 224 237 245 240 236 218 234 217 218 243 246 246 233 232 232 222 237 242 236 234 230 223
255 255 255 255 225 228 233 230 220 255 188 255 255 255 232 255 223 213 220 235 240 251 253 249 244 245 235 245 241 233 241 240 204 225 243 239 252 251 246 238 166 215 227 248 226 232 210 204 215 216 240 238 235 220 236 207 211 238 233 232 228 211 224 246 218 234 245 223 233 227 230 243 220 202 229 236 240 227 246 243 246 234 242 242 245 233 236 237 224 240 230 231 227 217
170 205 184 255 255 237 235 233 141 255 255 255 255 196 246 125 238 242 220 209 213 241 242 243 249 244 238 235 238 224 234 179 204 228 225 227 241 232 240 241 209 210 194 244 229 200 243 216 228 240 224 243 244 179 245 203 219 202 160 171 114 207 210 236 222 217 206 229 221 209 239 203 192 201 197 189 208 227 218 238 247 209 222 238 240 216 228 223 202 237 245 237 230 225
255 136 133 157 255 142 255 255 255 255 255 255 255 233 226 177 187 212 217 213 229 240 251 252 253 235 224 216 217 190 235 232 239 229 244 235 206 175 250 184 191 198 255 236 160 167 189 226 246 251 221 242 233 215 200 166 227 221 189 161 177 165 198 187 180 162 200 182 191 198 207 216 223 241 200 232 203 214 239 239 242 206 239 224 234 239 199 233 232 236 235 243 244 229
255 198 255 255 255 188 255 255 161 155 213 255 215 207 176 167 209 195 227 197 233 240 167 235 220 238 240 237 215 176 182 151 202 240 219 189 214 190 166 133 255 139 180 245 180 182 171 207 215 242 233 232 202 206 156 159 185 147 149 204 137 176 112 139 140 108 133 135 128 128 150 192 188 221 196 211 228 188 190 232 232 235 173 161 225 235 229 218 222 223 220 242 216 231
199 204 164 207 184 138 204 224 215 153 163 125 234 225 223 178 230 202 148 241 232 238 225 246 198 232 246 245 234 166 154 180 185 182 169 195 175 243 204 237 199 138 187 178 189 183 178 146 248 239 226 202 171 168 151 145 132 162 107 140 192 131 141 119 117 107 118 130 106 135 157 173 173 183 212 221 222 199 249 246 228 241 161 195 218 235 213 159 192 154 207 200 231 226
182 158 187 193 187 162 147 202 167 161 144 214 161 194 169 169 164 181 245 243 222 213 227 236 235 224 193 186 222 167 196 186 159 173 184 185 209 234 162 166 192 156 117 146 148 130 123 120 211 243 148 144 149 100 118 154 105 101 101 144 139 157 190 146 122 95 110 107 113 124 154 165 112 116 118 195 246 190 240 244 231 217 244 231 199 231 231 218 229 209 180 147 169 202
221 232 170 158 114 164 162 192 179 211 184 135 204 209 178 229 228 221 189 218 195 240 175 174 206 213 203 196 144 171 109 110 176 215 139 170 181 174 191 107 100 101 91 119 167 116 91 111 123 162 119 104 117 136 121 140 119 97 101 90 93 115 118 130 136 129 112 140 84 150 135 174 185 120 143 211 232 237 172 222 205 195 205 122 155 185 133 190 236 183 220 150 255 169
179 239 177 182 234 124 218 212 178 174 168 181 201 181 219 175 192 208 216 137 208 232 128 181 229 225 216 189 169 144 170 145 132 125 170 132 115 126 114 96 82 93 93 130 90 97 92 115 113 101 94 96 91 96 117 90 85 83 92 85 103 101 129 139 133 154 166 171 129 103 94 102 144 184 185 241 231 215 202 194 205 168 145 130 255 123 119 194 161 205 162 173 221 225
138 149 189 222 225 222 210 200 212 177 250 224 248 250 236 234 228 220 224 195 168 146 173 213 150 150 166 164 170 151 156 159 128 140 109 128 85 81 84 76 74 101 106 78 77 87 75 70 104 93 96 80 81 71 102 102 75 90 98 101 97 99 98 92 137 130 134 135 101 125 93 99 101 126 145 170 207 227 196 148 112 122 255 90 74 132 201 148 135 135 160 182 148 146
201 199 218 202 194 207 219 244 168 179 248 249 230 225 223 242 251 200 182 165 171 144 155 169 141 133 140 150 152 142 141 135 146 112 86 86 111 140 81 32 90 84 76 71 69 93 72 71 71 78 86 68 73 82 53 56 81 81 79 77 78 80 82 83 94 97 92 119 105 86 90 122 108 104 93 255 106 148 194 205 147 94 129 73 87 63 64 76 145 136 181 217 177 202
