sandbox/data/kelannen.asc
ncols 360
nrows 180
xllcorner -36.248
yllcorner 90
cellsize 5
[rows 114 to 170 of 180, columns 0 to 95 of 360]
22 15 43 95 39 98 55 88 30 18 27 3 59 10 57 99 80 97 5 44 41 48 35 80 36 86 18 81 28 17 98 81 25 14 13 42 21 83 83 35 8 16 54 2 70 49 65 8 33 53 42 59 36 94 59 7 94 90 78 8 83 63 93 50 76 32 85 4 7 23 46 53 44 91 54 24 67 99 58 21 45 75 36 86 47 31 61 1 21 26 22 54 12 93 26 43
54 56 28 0 57 58 39 77 17 90 99 73 68 17 44 34 75 74 84 14 6 29 98 69 47 92 94 7 74 15 26 90 20 46 27 9 33 22 87 16 80 30 93 28 35 29 84 63 68 79 28 78 62 7 68 92 33 24 52 56 61 53 5 19 41 49 32 81 6 32 0 23 85 3 31 34 10 75 1 18 70 97 74 9 5 39 26 42 55 41 21 45 91 98 10 19
4 53 25 21 67 64 82 58 24 89 34 88 99 17 57 25 6 26 60 66 24 9 80 58 58 24 39 71 4 65 62 67 95 86 80 16 26 61 95 8 28 6 82 98 89 72 27 96 68 74 24 32 55 26 13 52 9 40 34 8 66 14 51 1 65 23 89 22 100 100 59 88 48 18 94 83 63 75 54 100 19 52 93 62 76 58 25 48 99 73 18 89 56 26 77 68
9 5 56 32 54 25 20 13 86 82 2 22 98 61 87 68 4 35 27 59 90 18 7 82 47 98 53 28 10 64 50 35 65 89 74 2 97 1 63 88 89 40 14 39 78 21 60 59 10 83 9 40 83 38 60 7 85 24 64 89 12 96 97 68 19 24 58 13 67 54 99 38 22 7 97 94 91 76 73 40 13 30 48 45 53 74 33 9 65 11 22 12 33 27 61 35
63 79 86 83 67 73 92 59 27 67 70 58 20 9 11 85 82 53 39 39 7 1 89 5 28 45 96 78 9 82 75 45 2 59 60 19 38 56 40 45 56 76 95 2 97 4 71 80 84 34 7 97 17 0 55 90 54 84 69 97 74 17 27 39 53 97 42 33 77 41 12 75 24 20 78 13 8 7 59 67 13 9 70 30 100 71 95 2 11 91 53 70 39 53 53 62
36 19 95 29 56 35 45 83 62 8 29 48 31 67 28 43 24 78 31 64 82 45 20 50 19 100 9 41 93 98 70 38 59 69 20 71 94 97 66 90 81 30 75 34 5 60 52 72 5 5 25 40 24 93 28 19 98 35 98 58 9 0 64 93 84 62 25 55 19 60 30 3 27 31 45 70 64 42 22 21 21 20 24 73 9 88 32 14 39 90 26 47 82 93 71 99
83 52 56 16 19 39 37 77 81 55 67 31 40 21 99 97 7 91 64 31 100 71 45 3 50 99 94 94 91 89 52 25 46 46 90 87 17 14 16 46 99 40 27 47 80 18 59 99 23 64 78 100 45 70 9 84 32 47 13 51 10 10 18 23 43 2 2 71 87 57 41 3 98 80 24 20 86 99 73 80 92 99 12 41 81 16 73 66 37 26 93 21 20 33 73 42
55 3 0 2 87 14 63 19 35 32 35 30 20 82 66 44 96 66 65 84 88 65 19 52 30 39 28 50 89 52 32 2 12 16 4 41 100 46 52 11 99 11 84 97 79 4 15 62 42 12 28 84 81 53 49 38 88 65 31 79 72 97 72 78 87 81 11 78 14 44 18 64 79 3 74 31 53 50 75 23 83 30 15 94 63 54 80 70 17 30 81 45 18 84 86 77
3 4 42 95 44 62 54 43 13 2 12 51 98 22 29 22 61 82 10 83 72 2 66 90 78 33 96 43 85 42 53 48 79 68 72 88 21 38 3 25 57 58 28 69 98 62 91 82 71 19 27 98 48 84 48 79 3 76 94 43 63 6 74 35 48 5 59 34 21 27 15 75 100 9 89 19 91 13 79 55 97 16 19 72 16 57 54 25 21 45 11 57 36 98 75 53
24 14 31 74 7 33 63 28 53 60 15 12 99 90 6 70 6 96 87 24 97 98 48 47 61 24 18 2 26 17 45 19 94 100 50 66 52 31 59 39 10 99 63 88 41 45 79 55 62 16 18 61 26 13 61 75 48 99 90 84 52 66 62 98 25 60 33 22 10 91 47 28 35 16 39 34 51 5 86 84 28 87 10 75 91 37 64 58 44 25 67 63 58 86 19 35
43 88 32 24 83 85 69 24 21 71 66 56 29 52 35 38 77 90 39 16 55 93 67 60 40 61 65 76 52 64 81 95 25 41 55 93 76 28 30 4 3 88 74 62 68 61 85 72 32 82 41 61 65 100 67 38 73 61 71 82 66 71 23 78 51 42 84 96 33 33 65 50 41 13 98 54 85 51 66 35 3 86 93 24 76 35 6 0 39 12 46 1 28 81 49 20
76 48 61 62 46 42 32 25 23 16 8 21 72 29 81 63 28 58 66 97 94 60 25 28 37 49 43 37 96 40 52 48 34 46 37 26 7 47 7 41 70 73 26 53 56 90 89 44 40 96 9 69 34 5 43 79 76 16 70 58 94 97 93 89 44 38 31 82 9 65 60 81 85 72 22 66 78 15 31 76 0 41 38 8 72 59 22 33 4 16 75 1 0 17 12 20
59 75 41 69 52 34 56 91 39 77 65 61 29 19 41 12 11 37 32 36 73 29 51 71 98 63 54 60 7 64 17 32 39 37 25 68 67 70 11 84 41 82 16 100 42 0 77 78 94 87 88 24 17 74 77 78 46 39 32 4 35 93 62 45 40 70 34 82 99 36 27 50 76 24 26 11 27 5 8 10 65 68 77 80 1 4 5 77 50 74 54 75 42 23 15 92
48 3 84 96 90 9 78 31 60 79 4 2 55 64 4 48 20 83 100 31 57 32 11 36 30 36 65 8 65 73 33 14 12 73 5 3 17 2 5 63 44 94 4 59 87 83 15 32 59 49 76 47 81 11 88 41 14 57 32 83 86 51 84 99 59 100 7 53 5 30 24 0 64 8 39 98 94 14 93 21 0 91 29 84 63 68 65 27 38 37 60 5 65 61 78 46
53 0 30 82 65 75 9 29 40 66 51 87 83 18 85 67 69 93 100 16 51 10 80 92 31 9 30 24 38 80 39 34 88 16 90 60 23 41 11 100 71 86 100 1 63 3 62 91 64 64 36 83 30 55 0 54 91 54 18 78 97 44 90 89 100 83 91 30 68 30 67 52 22 73 40 15 71 75 74 57 19 52 50 8 23 83 45 83 43 77 80 97 100 52 97 58
74 76 52 24 1 73 85 54 58 56 96 14 87 67 22 61 4 41 5 32 9 28 54 34 88 79 44 36 69 47 14 34 74 15 58 41 83 62 82 43 97 15 73 14 74 89 91 11 45 96 98 60 86 22 70 99 18 13 57 59 41 67 57 91 34 24 19 62 72 83 38 37 62 83 5 10 7 52 86 36 4 92 11 46 98 78 24 94 4 22 36 24 57 10 54 24
44 0 1 28 62 43 51 9 57 7 78 52 74 57 37 96 41 63 78 32 94 66 96 75 42 34 96 3 29 15 58 69 55 54 51 6 60 95 79 62 52 99 60 77 35 83 72 70 7 53 11 28 61 24 49 66 63 54 63 2 33 4 96 80 19 83 70 92 66 94 69 84 61 41 0 15 6 92 44 21 20 89 98 78 3 37 42 96 10 73 81 93 15 85 20 16
20 3 26 35 67 1 33 91 21 85 27 96 46 6 49 34 99 68 65 30 42 77 47 52 83 75 66 2 96 16 43 63 61 56 50 66 57 82 22 68 17 84 18 55 78 46 4 45 93 77 91 97 44 47 48 9 26 61 38 50 69 35 8 51 28 40 34 57 64 93 23 76 71 33 82 68 16 10 78 61 69 17 15 95 29 13 60 92 51 8 99 18 59 28 35 97
75 95 16 28 39 10 57 3 46 2 15 68 23 3 44 97 85 51 81 78 41 24 33 51 46 66 87 61 95 18 3 33 80 25 44 10 26 91 86 30 54 92 6 49 43 30 30 39 53 36 96 75 37 55 84 11 90 61 73 51 41 19 56 73 88 43 94 29 2 26 56 96 18 52 24 61 97 91 14 60 45 63 32 98 59 47 53 99 80 44 95 84 99 65 41 37
99 50 72 97 24 33 93 22 11 79 15 71 34 90 4 22 38 78 66 86 43 7 63 13 73 67 41 39 70 28 32 68 73 11 68 62 55 73 5 64 65 24 1 7 67 4 21 9 35 20 41 14 70 10 9 3 9 66 90 86 67 39 52 17 17 98 65 87 47 82 97 73 53 17 2 44 47 87 79 93 41 4 67 84 70 55 99 68 60 4 30 52 74 11 11 94
89 86 83 55 62 93 41 91 7 99 73 11 53 93 20 82 11 52 99 98 7 73 59 57 7 89 45 80 69 55 42 5 33 80 13 21 46 83 8 76 85 23 69 54 33 50 73 97 49 83 29 77 75 85 60 21 35 20 1 10 7 61 76 8 11 4 39 73 36 90 25 96 39 70 75 27 46 17 85 2 76 31 96 87 0 73 57 12 81 64 66 68 32 61 52 95
63 18 64 38 71 76 54 8 3 62 95 24 16 80 38 61 37 87 5 38 96 58 88 50 77 7 95 63 7 80 33 65 11 79 30 27 65 81 4 99 12 86 94 65 59 91 5 51 39 74 23 58 47 66 78 87 65 67 72 42 97 57 47 25 100 77 31 90 30 19 55 45 64 95 28 76 6 47 97 92 41 59 67 49 47 72 71 28 97 94 45 38 29 22 3 96
62 6 41 92 87 59 19 64 99 89 72 53 50 63 40 78 40 23 76 2 12 28 82 68 50 62 9 42 49 61 57 79 76 62 31 75 8 69 68 71 99 46 59 77 98 96 69 76 90 47 46 10 6 88 70 3 27 89 60 76 3 28 86 18 60 74 31 70 14 27 6 2 87 64 12 79 83 35 39 71 74 21 85 81 34 1 24 55 93 67 8 75 74 44 88 25
90 4 35 19 16 84 22 90 12 65 37 33 92 15 44 90 26 92 81 92 23 25 43 74 9 65 46 89 57 47 59 16 76 65 89 39 95 98 10 92 59 66 76 42 33 16 64 66 50 15 99 15 54 65 19 89 16 9 96 22 11 99 76 41 38 46 70 89 15 14 13 25 18 17 16 28 9 63 55 1 51 67 48 42 87 45 59 46 14 53 42 60 90 31 0 30
25 20 66 57 64 1 31 43 22 35 1 50 58 46 38 91 5 1 91 23 8 89 37 26 94 96 12 35 87 69 71 43 36 71 39 69 36 64 5 55 18 43 49 94 12 2 6 73 40 44 10 71 85 99 37 40 54 22 25 64 24 91 68 84 89 93 13 74 20 78 83 76 35 69 52 36 94 89 70 47 76 20 36 46 58 76 39 55 99 20 42 66 48 70 77 15
10 22 77 28 27 87 4 98 60 99 33 76 11 97 53 69 35 71 9 16 55 82 17 29 30 29 33 99 82 8 73 76 56 55 90 30 59 8 81 23 89 64 16 40 57 94 87 77 2 55 79 80 95 47 60 1 66 68 16 76 51 57 49 50 45 67 15 24 32 47 79 55 91 59 40 65 19 53 40 98 77 63 35 62 45 41 56 78 81 43 50 45 89 77 73 26
70 36 84 65 31 86 5 98 48 4 6 13 4 48 42 79 30 0 99 84 65 97 54 88 88 10 19 73 87 67 16 84 20 43 27 98 60 43 47 30 12 19 30 46 96 72 33 1 44 22 46 84 58 10 20 61 20 49 71 31 42 35 83 67 6 93 59 97 7 70 14 93 88 60 59 68 42 95 14 74 56 98 9 12 27 99 89 8 2 29 29 5 26 84 51 55
87 63 19 28 35 40 55 36 70 5 20 64 38 8 26 63 19 54 35 34 77 58 65 6 86 70 85 5 16 49 44 94 44 21 62 64 32 18 6 49 57 24 75 54 17 62 63 69 31 92 67 45 65 22 28 97 74 60 29 25 55 41 61 62 96 75 67 25 88 31 51 72 99 57 41 25 2 6 8 100 75 36 40 43 69 32 81 39 29 48 37 15 46 83 12 72
20 9 72 74 96 97 1 73 57 12 77 10 23 19 31 29 89 58 28 73 61 96 85 43 49 1 96 57 88 91 19 19 13 93 50 97 28 36 30 57 63 37 86 95 13 70 63 2 41 65 30 66 48 6 44 7 48 48 31 78 36 29 92 3 41 94 21 89 35 10 59 31 12 82 32 69 19 43 44 70 59 89 88 31 75 50 33 7 34 44 94 76 79 8 60 23
71 23 12 25 4 75 11 72 18 14 33 71 7 69 8 49 84 83 30 44 89 89 33 71 0 98 0 1 41 85 39 62 19 32 74 30 82 60 47 37 64 53 6 66 6 76 98 55 2 28 34 64 74 42 14 63 60 86 97 20 98 86 43 57 89 66 32 91 68 85 65 13 8 62 90 88 93 52 60 16 87 26 85 17 74 24 35 91 69 27 46 48 41 18 8 12
96 45 81 96 8 36 47 26 37 33 10 62 7 80 62 99 11 34 52 19 96 88 38 42 17 7 53 95 96 98 61 48 43 7 25 100 77 27 26 13 17 62 13 23 53 42 18 87 97 35 28 82 68 32 29 34 5 62 82 88 60 50 26 41 86 40 96 83 48 26 22 84 94 40 52 8 90 89 21 43 52 81 32 93 32 66 41 31 26 81 92 14 55 22 29 39
84 89 99 70 64 68 66 81 0 0 85 35 41 56 24 35 72 99 51 29 100 93 90 39 34 0 56 90 9 9 88 3 6 80 39 55 71 18 65 49 29 9 80 62 75 13 1 40 59 29 83 26 19 43 85 90 47 55 93 81 55 4 30 36 55 55 7 85 72 100 59 44 96 29 3 46 43 24 73 27 90 34 60 100 16 68 80 86 81 14 40 17 54 11 33 18
50 15 86 98 10 2 6 51 85 49 4 87 100 13 90 84 57 91 6 9 56 88 15 76 87 68 32 92 37 65 82 74 45 18 29 27 43 88 74 39 81 85 27 51 72 3 64 63 36 40 83 39 77 83 52 58 5 80 37 85 39 74 9 88 70 76 17 3 95 99 79 1 13 78 70 79 25 27 89 60 23 18 74 56 9 36 10 75 71 72 70 48 43 98 67 67
62 39 86 43 14 42 15 71 22 88 6 91 88 59 49 62 0 47 12 98 31 50 60 37 11 96 47 43 51 24 97 1 12 29 69 1 13 87 12 44 64 59 49 51 51 23 11 38 6 49 42 53 59 62 27 57 79 75 49 51 28 57 21 72 93 49 12 98 55 14 21 43 33 92 17 92 34 31 44 89 58 87 90 81 81 38 93 67 55 36 48 80 91 47 59 34
41 46 94 19 70 77 30 2 74 2 65 34 92 44 23 13 9 83 51 50 41 81 43 6 31 57 41 37 81 16 30 31 12 66 95 73 67 25 49 67 8 83 95 82 0 63 72 18 61 70 40 9 66 26 81 60 56 48 49 56 67 93 4 62 46 60 59 92 67 12 77 39 59 6 84 70 2 80 76 10 6 94 57 99 77 76 83 14 83 13 26 47 73 36 63 27
58 70 34 12 18 84 56 64 69 76 48 45 31 73 30 80 97 88 13 49 92 13 11 18 1 91 56 34 99 89 83 27 72 11 83 60 24 0 63 60 56 49 32 51 55 75 47 25 35 94 2 82 66 50 41 11 12 3 99 93 65 51 82 48 87 24 12 56 40 99 70 57 27 75 2 52 39 74 82 4 11 95 42 48 8 79 94 85 19 77 90 92 25 35 8 9
78 40 33 62 27 8 77 59 12 45 94 51 71 70 15 76 45 89 63 91 50 10 92 84 24 21 38 37 51 60 13 52 86 8 1 97 48 49 36 20 79 56 54 66 10 24 84 53 17 100 63 68 9 23 2 10 84 6 99 18 1 27 24 34 21 34 14 40 43 98 0 78 1 14 96 81 99 82 49 13 47 72 41 32 69 50 49 1 19 61 83 88 47 57 13 55
31 36 19 4 14 58 99 27 66 46 68 52 99 62 75 11 63 100 12 22 15 46 41 90 50 70 63 38 16 86 44 86 76 95 69 29 46 92 18 72 15 97 5 37 97 5 73 42 80 85 27 78 80 93 14 77 71 47 13 81 2 56 2 24 10 70 47 39 46 70 17 63 17 93 77 53 97 7 24 76 81 50 87 85 48 94 11 71 40 20 83 18 44 67 30 10
66 56 82 1 95 87 79 60 33 24 45 63 17 84 62 40 73 41 43 10 31 64 20 39 53 81 24 64 81 97 13 37 93 73 76 60 82 28 53 33 60 31 82 64 97 85 76 65 6 51 43 66 65 91 21 65 80 41 2 31 79 7 77 20 26 51 61 3 55 84 50 14 9 63 100 9 43 48 89 4 49 83 9 14 49 34 96 84 29 52 81 30 22 74 5 11
36 53 58 27 72 28 54 74 97 100 23 78 62 55 51 21 61 8 24 75 10 29 57 88 67 73 13 76 38 63 42 33 60 97 58 55 0 85 56 9 9 35 10 5 65 14 29 80 59 47 41 10 20 32 67 99 44 72 41 44 60 26 40 73 91 10 46 9 38 62 86 86 90 89 62 10 7 5 58 73 78 28 12 64 91 26 52 54 88 74 85 71 7 89 42 0
26 27 72 94 68 83 36 36 67 0 69 20 20 62 79 3 8 26 17 3 8 79 18 54 27 40 47 59 39 44 27 86 72 15 4 16 53 26 56 99 32 93 66 7 52 66 69 94 2 26 41 61 85 76 59 26 58 85 70 28 6 40 15 31 45 96 5 91 89 16 38 68 79 47 40 86 9 56 99 7 27 71 71 3 88 20 31 7 15 77 82 53 6 66 7 69
99 43 40 18 78 93 28 3 79 48 31 3 44 42 91 37 22 42 72 58 41 18 6 91 46 36 0 3 33 54 53 6 80 24 2 87 60 59 14 17 0 38 79 55 0 34 71 82 72 66 26 42 95 46 47 87 47 89 67 45 63 73 78 54 8 49 63 57 65 25 46 83 86 64 58 94 78 100 38 44 65 65 18 42 20 60 80 18 3 96 13 58 48 28 76 46
12 40 88 13 34 6 98 54 10 54 12 17 83 29 24 63 0 42 7 79 67 1 50 19 60 59 71 20 67 97 5 48 5 24 97 5 87 58 90 75 48 12 23 26 14 81 13 22 64 46 84 21 44 12 39 64 80 34 86 84 52 36 78 48 63 30 14 2 95 83 52 28 56 66 21 9 72 2 37 13 66 27 0 18 82 37 95 46 68 90 67 82 58 93 100 44
19 43 65 51 16 12 0 96 97 38 92 7 0 99 15 66 56 100 59 57 46 49 10 97 49 12 27 88 67 28 6 9 74 37 30 25 43 18 74 86 28 88 43 92 53 35 52 61 34 49 14 19 31 92 23 97 2 44 6 97 77 25 83 19 64 7 73 88 41 5 12 13 73 0 82 38 67 85 99 94 87 42 81 36 90 99 17 74 66 22 14 82 83 68 8 57
66 10 66 22 59 20 38 30 1 87 93 50 66 85 7 67 96 38 93 44 76 96 41 64 51 90 33 85 55 64 56 18 46 65 12 76 55 86 70 77 48 53 37 44 62 50 1 73 24 54 67 58 46 24 39 70 43 45 36 41 47 23 74 31 29 69 49 40 4 55 63 10 7 7 16 81 21 57 93 46 69 22 82 3 78 38 51 24 56 44 60 56 73 54 85 96
2 62 36 72 99 28 46 14 37 56 100 11 88 63 1 58 64 12 93 14 31 99 39 58 90 82 75 73 80 68 50 63 29 94 45 62 11 71 40 72 14 47 66 78 27 27 10 97 93 16 3 53 0 57 41 64 51 63 55 0 32 1 85 80 28 70 27 0 68 20 82 23 12 73 57 48 73 88 69 48 69 34 14 62 47 80 89 21 32 37 17 93 65 44 95 7
13 40 11 100 85 72 53 82 61 3 72 57 9 59 82 7 83 86 46 36 92 47 23 64 79 2 29 33 5 98 77 80 3 89 44 19 36 59 73 56 81 74 32 68 40 67 88 21 28 0 54 32 49 53 12 56 21 94 97 25 1 38 41 86 6 25 37 91 63 52 43 76 67 84 60 3 11 82 0 80 73 82 1 38 31 25 49 90 3 14 74 93 74 25 47 92
68 58 62 57 28 99 35 19 72 29 89 66 4 66 17 77 12 42 26 83 58 99 93 41 44 36 43 59 39 99 65 33 5 42 89 67 39 31 29 66 0 85 31 68 27 60 39 41 1 34 49 66 8 37 16 83 55 28 55 51 72 50 83 65 94 33 48 86 83 47 15 79 22 13 29 51 36 25 99 16 35 61 38 57 86 24 77 58 100 88 63 71 58 2 14 72
38 98 18 15 68 44 63 88 81 40 93 26 40 40 75 30 90 48 56 86 63 24 27 60 56 60 71 56 65 81 3 33 61 42 92 20 72 4 64 11 6 9 26 32 2 48 92 13 8 48 62 36 13 31 52 15 8 61 2 85 39 27 97 14 22 15 75 69 62 38 4 30 45 54 66 80 53 87 95 27 97 54 84 69 72 89 45 54 49 52 47 9 68 32 16 64
73 37 59 11 45 70 7 43 74 84 65 98 29 62 2 53 21 59 73 9 44 83 43 74 8 17 91 58 68 87 66 76 72 78 38 18 86 46 64 74 41 66 92 34 77 1 69 13 48 26 17 96 28 79 50 41 45 89 76 41 94 73 91 95 50 17 85 35 77 11 46 100 47 58 8 90 44 82 96 0 32 85 49 42 58 68 16 45 31 62 7 61 79 99 52 26
75 77 11 98 14 50 81 60 86 69 73 58 56 42 1 7 63 33 31 18 66 20 0 47 0 9 34 91 72 61 14 40 78 52 61 77 41 79 62 57 49 38 1 12 20 12 49 21 5 92 51 81 58 36 3 84 75 7 51 43 80 76 73 88 84 43 32 14 34 57 72 0 71 92 93 97 30 62 46 92 92 29 42 21 63 42 87 78 9 99 60 91 61 77 73 36
94 85 65 51 51 14 46 17 36 21 94 67 35 22 13 66 36 50 89 15 21 45 41 59 5 76 15 89 37 43 42 52 27 67 94 18 89 97 19 18 81 54 83 50 22 9 66 95 38 49 30 99 67 18 11 51 79 44 20 93 10 9 58 27 23 53 10 89 51 12 67 10 67 69 7 71 43 97 12 51 23 12 5 82 62 11 67 12 8 63 31 7 48 58 92 19
89 38 81 51 15 78 52 20 21 35 74 71 68 60 56 40 71 6 10 11 14 64 90 7 2 73 43 72 47 49 81 27 34 10 65 17 29 48 44 1 1 35 100 4 22 96 79 87 36 44 98 18 65 71 94 24 61 88 41 88 89 12 14 64 16 25 32 69 49 70 38 61 80 50 15 3 98 64 97 41 34 7 61 52 4 87 24 83 93 98 9 85 28 85 18 68
87 59 90 16 41 91 49 35 58 26 37 74 27 64 6 94 11 45 85 51 29 81 14 55 26 9 51 74 93 9 5 68 28 30 62 4 70 19 66 97 20 39 0 63 87 94 38 76 64 7 83 65 8 0 71 48 16 64 14 71 23 78 0 21 47 93 8 36 76 0 22 39 73 26 22 70 98 27 27 99 30 6 62 37 76 26 10 24 45 36 73 20 46 23 27 20
95 35 8 41 43 94 12 37 7 79 10 29 4 14 96 74 43 100 37 72 88 62 78 0 15 45 7 40 52 41 27 39 25 63 15 30 83 67 39 43 17 65 44 50 6 24 18 90 20 57 84 78 46 0 4 78 58 100 66 40 7 17 98 54 61 20 42 42 69 27 23 30 55 46 58 50 45 66 2 84 66 28 78 12 80 74 3 17 65 12 32 41 1 41 99 91
52 87 62 30 71 4 3 41 79 28 54 78 93 84 60 20 17 22 98 53 11 33 85 80 76 42 6 35 12 68 71 85 58 4 93 87 58 58 75 19 96 85 38 44 12 24 96 18 69 61 61 37 71 35 57 39 88 25 93 38 60 27 39 0 58 11 48 69 24 45 77 80 56 60 29 69 55 0 36 53 96 94 42 2 10 65 55 76 81 12 24 73 29 50 89 14
89 34 89 84 11 58 63 84 29 73 66 67 7 0 8 66 89 19 30 80 50 85 25 19 48 0 56 100 26 86 86 96 67 24 37 3 0 29 11 2 68 15 80 99 0 71 56 81 22 37 74 27 6 5 30 52 85 61 50 59 25 57 81 60 61 21 19 84 34 52 99 44 59 6 24 43 12 96 84 61 82 4 21 40 74 15 94 43 55 63 1 31 96 17 100 44
