sandbox/data/kelannen.asc
ncols 360
nrows 180
xllcorner -36.248
yllcorner 90
cellsize 5
[rows 0 to 56 of 180, columns 192 to 287 of 360]
34 41 54 1 92 82 41 92 70 90 0 12 36 21 30 8 93 31 100 11 93 50 56 1 45 71 64 58 72 59 78 17 78 26 38 36 84 33 43 61 8 84 82 35 57 5 21 43 47 56 61 1 5 83 82 82 20 45 25 7 81 67 100 59 91 22 29 34 99 7 85 22 14 97 15 52 2 9 71 39 88 10 39 54 27 36 67 49 35 98 85 45 92 37 73 40
60 41 90 93 75 29 47 53 85 26 19 14 87 51 34 51 43 71 95 32 91 59 26 16 36 42 30 19 77 35 34 22 22 86 25 68 16 4 9 92 50 18 28 21 60 99 49 33 81 62 40 69 86 22 2 79 39 33 85 67 42 60 29 76 7 95 26 56 93 76 78 0 48 23 89 75 95 45 81 69 36 54 28 76 41 71 60 44 76 81 4 89 71 62 50 73
29 81 18 33 1 11 90 98 100 71 92 59 26 60 14 89 94 93 91 16 49 50 82 94 21 64 78 52 8 29 41 60 11 11 84 30 85 32 5 53 69 15 31 87 12 99 74 22 61 26 97 53 71 15 69 29 42 15 66 96 78 97 91 27 78 15 62 68 5 1 100 32 28 34 100 83 93 87 94 79 98 41 10 53 32 100 67 85 70 36 62 26 25 54 21 98
53 47 5 9 33 33 60 38 4 0 69 59 20 36 40 48 58 84 87 60 40 63 60 56 17 3 35 47 83 46 10 96 98 30 63 16 88 73 53 82 21 9 88 56 84 50 45 71 73 81 75 34 100 67 6 81 13 36 38 81 14 38 55 20 84 20 80 34 10 78 21 57 53 0 61 60 98 52 4 7 28 25 93 47 84 95 55 55 75 23 36 38 61 80 19 89
20 30 27 95 61 27 91 0 35 55 16 32 95 4 1 6 48 64 37 58 46 43 13 9 35 44 79 1 38 91 47 17 66 9 22 31 49 26 39 9 37 99 22 84 78 17 28 43 31 38 8 23 28 100 20 45 89 81 18 44 14 99 29 9 18 47 43 98 79 42 91 19 31 57 98 26 93 68 98 43 81 24 45 77 95 77 97 81 19 25 71 75 38 78 45 74
3 38 97 71 3 82 79 87 32 45 18 28 46 13 38 6 14 49 77 25 84 84 38 97 84 88 15 40 20 29 26 25 63 10 58 24 89 46 48 51 33 59 36 28 74 6 100 76 41 35 50 46 82 58 18 19 92 26 10 16 16 84 71 39 76 80 52 94 9 86 19 74 2 87 35 69 98 2 92 40 41 15 52 31 35 32 38 52 45 91 71 11 22 56 18 20
63 53 34 12 70 72 51 17 38 48 8 64 4 64 72 27 7 97 98 90 30 46 23 66 33 41 65 25 20 51 62 63 83 15 24 79 76 19 66 11 57 54 3 41 1 19 84 8 22 30 20 86 55 16 14 94 31 75 95 12 50 22 76 65 72 50 8 63 27 1 89 26 42 32 21 60 18 76 4 17 23 15 77 46 2 11 60 52 1 87 77 38 41 58 72 39
100 69 13 58 72 68 14 92 19 17 19 91 49 13 19 90 69 72 45 40 22 84 9 55 0 61 2 63 62 9 93 60 56 81 46 7 77 44 11 33 90 24 58 36 49 30 73 72 9 39 78 57 95 7 77 86 37 53 15 19 64 10 44 46 56 2 84 52 60 15 51 3 96 7 90 72 59 2 86 27 90 4 80 48 69 87 93 24 48 50 70 17 8 86 86 61
63 53 60 90 28 92 12 43 35 45 11 73 61 46 7 20 92 28 46 83 28 31 89 53 97 3 71 20 10 95 60 95 81 69 75 44 2 14 12 21 60 19 90 74 88 28 71 6 38 15 82 28 32 69 45 99 40 41 12 70 18 49 74 60 13 24 25 97 87 1 35 53 47 29 27 94 4 20 29 52 11 67 49 62 19 23 97 96 73 53 97 62 73 2 1 56
70 94 18 57 34 6 60 74 32 9 96 63 56 63 1 44 78 94 25 45 76 52 9 7 38 69 11 58 3 15 64 30 83 9 34 80 26 0 4 6 87 64 37 10 51 82 37 43 69 59 37 79 14 6 42 47 1 61 88 68 61 37 35 74 47 76 36 1 81 57 14 2 62 48 98 66 9 79 51 59 50 28 66 68 39 47 0 48 51 59 94 85 56 50 67 49
84 39 40 98 98 71 41 27 33 67 9 78 29 93 73 44 99 64 52 31 31 32 76 92 68 6 99 57 79 20 21 0 64 61 81 58 61 12 69 16 54 87 55 46 83 79 21 65 21 42 70 23 17 14 3 22 66 47 83 34 29 25 63 47 82 88 14 3 16 90 84 82 5 14 34 87 51 57 67 20 76 77 2 8 79 82 25 73 31 48 44 32 82 66 80 70
23 73 25 76 78 57 29 59 8 53 56 89 45 23 58 49 59 44 70 77 27 58 82 6 49 90 23 35 84 62 45 46 71 30 4 6 34 30 35 95 62 34 32 83 45 59 93 99 63 44 21 75 54 70 21 81 5 96 59 89 18 95 100 43 36 52 92 62 26 22 80 9 69 63 100 69 60 1 9 97 9 51 90 61 56 20 88 70 61 8 56 53 7 37 37 74
64 70 12 87 7 3 47 61 30 3 70 14 15 94 99 87 74 52 31 85 84 57 35 78 14 22 46 97 15 61 65 40 81 60 0 39 55 51 83 58 41 23 32 24 99 50 79 39 56 5 0 13 52 62 43 45 86 90 92 4 0 34 55 41 21 49 12 34 99 100 98 46 8 37 97 9 13 84 13 29 77 45 37 65 53 21 32 52 33 99 38 96 58 46 83 32
17 1 71 20 43 71 77 85 74 75 24 66 91 12 27 96 93 9 74 86 13 62 16 12 88 3 30 11 74 78 17 46 39 26 68 29 60 23 66 72 44 45 95 47 80 60 14 43 76 56 99 12 6 31 71 98 36 45 10 70 73 63 59 88 51 37 22 46 35 0 56 93 88 54 88 7 98 2 82 24 0 95 35 82 3 11 2 42 93 90 85 18 19 72 64 30
31 33 46 22 76 37 69 27 94 58 28 97 100 5 12 10 43 58 28 83 66 87 49 3 88 71 98 63 17 10 0 23 69 12 42 60 50 36 29 31 88 33 1 93 40 35 34 35 37 76 5 29 7 95 94 14 68 35 92 10 57 73 4 48 46 9 27 2 2 6 63 49 89 74 52 32 8 96 69 52 52 31 77 9 92 55 27 65 52 64 81 35 50 65 18 10
94 78 31 40 83 71 48 87 23 11 36 71 94 41 82 1 78 57 82 64 51 30 30 41 11 30 20 53 65 89 50 11 29 50 56 87 40 99 7 75 63 86 35 32 26 72 60 98 41 75 69 48 61 25 7 21 75 84 10 57 62 49 42 20 6 71 59 30 59 97 92 53 60 57 10 96 46 22 52 65 10 72 61 71 12 9 83 100 45 49 15 93 36 93 69 42
70 46 44 88 19 73 89 51 47 96 87 17 59 99 15 54 77 23 51 81 61 4 5 22 86 16 6 71 86 41 40 12 70 83 4 74 3 55 62 30 41 37 31 53 46 8 9 93 63 64 15 23 81 67 20 82 38 80 5 86 75 29 33 39 89 11 13 58 50 54 64 54 63 62 94 48 56 78 77 69 17 59 82 81 55 24 28 91 86 97 83 73 95 94 39 21
10 3 20 76 11 16 88 50 14 78 24 36 49 45 51 46 90 73 73 79 16 25 49 3 15 20 68 45 34 4 26 93 16 79 60 18 82 96 29 36 24 21 45 82 14 5 23 33 66 21 2 95 11 54 49 22 33 53 8 34 67 42 52 40 47 52 9 55 28 9 15 36 76 10 70 68 68 79 27 4 100 21 96 11 49 12 68 62 27 80 87 2 70 80 40 80
37 77 69 0 53 85 26 8 55 21 41 38 69 61 92 75 30 21 10 69 10 87 27 84 77 61 23 91 18 42 89 74 35 30 87 40 17 15 65 0 26 93 79 74 47 30 80 23 79 39 10 85 64 55 62 28 53 99 56 8 97 19 78 6 86 36 83 47 57 16 19 70 32 58 89 93 71 42 58 9 91 88 2 27 20 46 55 11 0 24 60 75 7 36 62 86
89 70 47 80 1 45 73 62 39 11 19 85 26 94 16 85 62 59 91 21 40 48 76 56 12 96 28 48 35 25 52 57 9 29 65 76 95 73 24 51 83 99 26 60 67 21 28 8 3 8 65 9 66 56 43 90 79 4 79 40 93 94 95 99 13 91 56 79 48 23 97 55 39 40 90 91 60 44 49 91 52 10 86 85 2 47 66 39 67 17 58 11 54 62 1 41
18 41 77 10 15 44 71 60 62 82 41 60 27 54 24 24 35 88 93 81 70 72 61 90 30 38 98 86 31 12 47 76 9 65 74 23 96 32 23 21 39 17 18 82 43 5 67 59 0 62 66 6 10 42 58 31 11 3 20 66 45 28 1 38 92 14 43 70 14 79 52 29 11 38 41 4 34 52 40 52 72 65 100 99 85 25 11 28 43 53 28 56 8 22 95 75
21 78 91 3 63 40 28 86 69 96 39 95 13 78 7 25 2 44 28 98 18 24 47 74 89 23 29 1 93 74 18 48 70 93 53 11 34 53 89 27 81 39 5 23 64 31 58 19 47 62 41 67 30 46 38 84 43 90 54 14 15 68 56 12 38 97 63 41 77 73 78 62 65 83 49 19 1 18 54 76 27 89 31 33 50 26 60 38 21 64 78 48 98 2 43 79
98 1 49 64 94 3 66 70 14 32 67 72 35 22 44 61 2 13 7 20 2 47 47 88 27 65 5 58 40 98 88 96 77 14 44 55 51 3 83 9 23 43 57 65 47 96 64 72 51 52 1 13 34 23 36 36 63 6 24 63 0 3 42 14 15 33 32 43 55 87 36 70 89 58 14 40 8 83 42 21 59 27 66 35 56 50 31 89 34 79 37 3 42 58 18 39
42 68 43 65 92 20 43 57 54 64 19 49 41 8 35 41 48 46 11 86 64 86 62 20 47 15 21 73 60 28 3 48 40 20 30 99 30 12 63 72 8 50 49 89 38 36 98 16 56 90 5 44 23 85 39 100 76 90 40 81 61 77 32 16 63 77 43 78 85 72 33 74 21 99 14 64 50 72 11 13 23 44 44 44 80 10 78 41 59 19 97 81 89 96 24 94
85 35 19 19 56 100 24 37 14 82 41 62 23 67 84 29 15 69 27 71 60 78 23 62 33 39 20 24 58 66 37 77 72 39 29 26 78 64 45 29 1 19 27 42 38 62 82 41 59 8 24 75 14 69 54 41 91 81 51 6 12 57 87 70 42 98 53 58 20 56 75 36 13 75 52 42 76 20 75 20 12 24 64 66 27 6 7 32 97 59 90 75 77 65 56 33
62 85 53 74 9 35 12 46 18 97 54 13 85 69 36 26 50 27 13 66 63 53 49 37 11 82 34 83 14 54 38 64 38 72 88 2 20 17 0 33 94 11 31 5 48 16 57 12 4 30 19 55 13 8 78 99 36 52 18 13 57 48 17 88 53 54 88 91 38 54 50 83 62 1 99 36 49 99 56 9 7 55 47 47 9 93 68 92 48 38 58 58 95 42 0 56
8 87 81 85 40 43 92 57 68 2 96 33 48 6 6 66 8 55 7 39 91 93 92 33 30 36 78 33 54 39 99 68 7 99 30 60 48 25 47 89 41 93 86 13 71 67 63 54 39 96 78 35 71 46 55 50 32 3 2 2 22 19 52 36 2 46 69 96 32 53 3 56 76 60 13 13 67 44 6 26 89 19 30 69 100 37 66 96 75 23 0 51 39 49 81 24
87 72 59 98 29 91 52 67 43 79 11 90 72 81 10 37 3 26 94 9 56 67 43 35 17 19 55 36 8 78 57 51 99 39 29 37 1 53 70 85 59 92 29 48 47 27 83 41 80 61 38 18 79 87 25 39 70 32 21 23 68 64 46 56 65 76 36 84 49 87 53 34 96 32 60 4 16 51 71 28 97 63 6 66 97 10 83 72 36 0 78 54 12 85 19 16
84 90 73 31 16 7 46 14 88 44 90 24 43 62 24 34 41 59 76 37 5 43 50 98 34 20 96 97 53 21 80 17 46 90 88 2 55 14 20 77 87 91 74 98 23 60 34 17 65 0 9 63 100 87 94 46 40 18 50 53 39 60 51 35 80 62 33 75 1 59 20 95 80 33 29 3 52 100 21 74 40 24 90 47 86 36 35 26 88 21 82 10 88 54 73 5
59 45 33 30 61 36 35 66 4 99 10 29 55 64 43 84 71 11 73 60 92 52 81 54 38 10 72 89 67 66 43 75 81 21 28 18 63 54 70 16 17 90 80 72 36 79 6 87 71 76 87 76 74 78 85 67 91 0 98 52 53 80 63 87 38 78 85 9 29 2 99 37 66 9 5 30 97 10 4 68 96 37 43 2 76 84 14 46 44 92 10 51 5 62 34 40
96 81 68 27 0 5 53 10 76 33 89 10 22 79 49 38 72 3 49 42 100 36 53 69 72 92 10 63 62 48 73 57 32 6 51 77 18 51 98 50 96 46 49 1 3 77 68 76 13 26 3 31 20 31 73 17 57 16 36 72 40 39 57 45 53 52 55 34 94 100 35 42 94 33 44 13 61 0 93 65 40 29 98 2 34 85 68 16 11 19 71 55 19 73 96 76
95 14 14 41 79 79 81 13 29 21 11 91 30 87 55 93 67 74 2 91 43 12 61 67 75 75 63 12 42 52 61 35 45 82 10 60 16 72 78 23 87 46 60 29 17 34 97 31 58 72 77 59 56 49 75 15 73 99 0 42 66 79 7 41 20 37 62 70 97 80 4 11 28 65 51 27 30 16 36 9 97 32 90 40 98 64 42 67 50 44 53 29 2 63 83 38
36 99 82 97 40 77 52 32 88 56 48 86 95 46 42 61 51 57 43 59 68 76 89 35 40 94 99 62 65 4 31 43 23 12 7 40 2 64 86 74 96 34 3 78 37 20 16 97 4 55 51 97 81 76 52 7 68 78 90 32 46 92 67 54 58 73 22 84 59 51 17 99 26 19 80 97 99 24 80 33 62 35 33 25 75 45 64 76 25 30 49 5 53 93 3 67
7 9 85 92 87 90 36 8 45 7 94 14 43 78 35 5 59 66 66 6 56 57 99 12 83 60 38 35 90 1 87 81 50 46 84 13 87 26 17 32 2 0 32 8 70 73 71 51 8 64 83 2 22 33 39 40 94 60 86 11 29 90 55 31 16 3 31 89 96 81 94 38 80 34 72 50 89 7 97 14 99 61 75 16 16 44 96 24 54 6 17 0 51 100 87 15
31 62 8 68 89 81 2 17 4 43 51 37 96 62 90 2 24 29 35 51 40 28 75 74 44 47 28 55 86 20 25 11 98 32 17 20 82 84 28 4 79 0 73 38 91 62 97 67 69 47 14 80 56 57 44 97 100 44 21 29 44 65 57 35 63 57 31 54 83 56 12 8 85 2 57 93 4 11 61 8 47 12 9 12 65 53 11 45 90 39 78 89 17 40 82 35
37 84 88 95 25 31 64 60 44 42 17 5 49 46 11 87 31 45 66 32 23 72 54 97 39 91 35 3 89 43 2 15 92 58 60 28 95 67 3 14 35 46 87 82 93 3 17 50 29 1 53 39 30 66 61 62 57 50 17 46 55 20 5 58 78 81 2 47 86 77 43 28 26 45 77 23 4 67 96 24 95 81 83 6 10 17 68 58 14 21 16 87 57 92 11 99
16 66 41 81 44 90 33 46 24 64 66 80 70 59 48 83 36 1 31 97 0 10 79 71 37 77 81 53 33 37 14 5 90 55 54 91 16 14 43 31 60 58 53 81 96 9 49 67 13 64 18 99 11 98 32 36 31 86 60 20 25 92 60 28 49 85 22 12 2 25 24 87 52 24 0 88 23 21 28 85 70 39 16 97 39 56 28 35 75 19 51 48 34 84 67 61
95 38 83 98 55 30 32 65 69 90 87 38 20 0 58 1 93 52 12 0 27 72 46 38 33 77 43 31 86 70 43 2 8 62 0 5 59 58 5 13 97 0 22 89 90 56 79 71 4 54 36 92 33 19 37 26 67 48 45 76 58 43 89 40 20 53 88 48 96 10 65 31 75 41 43 100 72 0 22 10 20 41 93 7 82 94 95 8 94 76 15 43 80 79 11 13
89 55 64 73 21 23 64 15 15 54 56 25 16 34 71 28 36 77 4 2 73 74 5 52 30 12 29 84 63 56 35 18 35 96 74 37 29 51 93 96 58 93 2 82 85 12 10 36 33 65 46 31 84 96 23 32 58 57 59 6 23 41 99 29 28 79 97 85 98 51 28 3 35 18 81 57 31 10 69 65 88 56 48 48 2 56 94 71 41 2 79 44 25 95 12 77
31 76 95 25 50 52 23 98 10 31 70 72 81 84 3 6 18 26 78 63 12 43 0 77 47 55 52 85 3 24 28 18 100 78 50 62 15 47 33 61 40 74 41 65 98 87 27 47 88 52 97 68 68 84 45 77 73 82 31 53 42 93 26 34 39 5 0 55 87 73 39 62 80 84 91 11 96 49 78 42 28 75 83 70 32 11 63 65 73 25 21 41 64 54 62 26
58 10 88 63 17 76 22 100 62 72 93 69 43 34 54 47 83 35 80 32 7 15 3 76 81 37 15 92 15 73 25 19 77 13 80 7 24 85 40 66 80 71 91 29 60 39 42 79 9 70 38 10 56 22 64 2 70 33 3 74 94 23 48 29 65 82 83 69 74 86 6 79 93 73 30 75 61 69 27 64 59 94 96 74 58 68 33 81 29 58 52 66 55 94 30 95
43 65 7 81 7 13 26 2 62 47 6 19 64 20 21 29 53 2 49 43 94 34 31 65 58 36 82 56 95 24 78 59 54 28 6 60 29 5 96 28 91 62 62 74 32 27 63 45 54 76 39 47 32 73 41 44 44 97 81 85 12 47 57 72 13 91 5 26 49 72 84 18 79 46 58 2 80 78 78 51 16 57 89 78 55 59 99 83 90 95 82 91 94 41 45 65
48 79 81 72 77 31 41 39 51 61 79 17 78 12 77 49 89 99 60 30 41 72 32 91 14 44 22 39 3 7 83 78 94 37 50 37 3 99 48 17 60 13 24 21 85 77 56 57 46 18 62 85 82 31 37 73 49 99 4 95 53 84 76 70 85 22 55 84 10 19 31 13 26 51 44 68 75 89 84 7 100 34 38 31 63 36 2 67 66 46 30 45 74 9 13 29
55 1 10 6 50 81 24 31 25 3 5 91 63 97 30 56 35 13 63 71 98 60 91 5 77 90 24 91 89 77 62 21 39 52 92 84 57 58 47 65 54 18 22 68 62 82 32 40 89 94 35 52 24 29 63 32 73 28 60 60 64 15 23 65 44 4 25 20 88 96 68 96 41 7 96 98 85 15 78 41 55 28 90 1 59 41 2 39 23 53 72 17 69 51 47 70
3 78 100 25 7 94 91 31 61 54 51 33 55 9 73 76 34 92 21 86 38 66 79 97 44 16 91 48 71 35 40 84 16 37 87 31 22 79 71 84 2 36 40 65 43 77 2 71 82 86 63 30 7 31 72 30 89 18 35 38 68 51 28 82 3 14 79 57 74 69 47 63 97 4 89 39 63 47 68 46 42 88 33 65 63 79 72 67 89 45 30 9 90 13 78 54
79 81 79 46 62 79 10 87 1 81 32 52 95 35 69 62 28 51 70 93 70 85 48 70 89 18 73 44 42 31 28 97 56 32 54 86 97 83 84 72 61 8 54 66 36 18 37 9 31 25 48 56 44 70 19 50 92 90 61 26 41 42 96 18 76 28 84 30 21 48 77 18 44 29 91 82 45 33 60 75 26 9 54 15 32 85 94 47 24 30 96 8 17 100 18 34
98 72 60 93 68 61 37 99 33 10 57 52 12 99 24 71 98 91 64 73 12 73 66 78 39 92 72 75 68 91 5 39 55 15 24 60 6 84 42 67 8 62 22 60 85 85 9 26 97 65 72 77 73 21 62 31 36 73 81 57 6 9 20 46 73 89 33 42 65 20 52 100 53 15 15 72 17 90 21 98 74 23 59 78 16 43 72 92 48 49 98 65 95 25 92 69
82 67 92 94 6 71 24 74 1 23 81 29 87 47 30 74 28 13 100 26 100 7 87 88 12 43 11 46 90 44 98 53 75 38 55 14 81 87 86 93 86 2 22 83 13 11 36 93 2 99 9 17 87 96 33 90 45 27 10 66 31 26 89 97 29 59 59 24 77 18 98 65 34 92 34 94 79 78 16 39 69 60 19 40 43 82 60 39 66 8 64 87 3 61 79 49
100 83 70 25 78 82 91 99 44 61 57 54 85 52 60 62 22 39 47 16 95 18 52 28 13 19 15 50 40 27 63 30 12 25 49 37 39 49 68 64 54 17 56 38 34 82 53 17 38 14 28 71 10 70 33 32 36 92 91 21 8 17 21 55 69 70 83 57 97 65 98 36 39 22 53 43 83 36 34 98 44 59 0 33 21 23 82 5 14 43 68 65 97 60 25 30
80 77 53 54 3 22 52 65 66 83 23 44 71 59 26 11 72 14 36 31 24 66 23 34 100 70 25 81 75 52 33 6 18 93 39 46 17 76 53 0 85 30 56 81 76 71 63 50 91 86 11 79 100 46 8 0 61 41 80 30 97 89 5 93 6 88 73 71 52 100 54 87 4 12 32 30 18 58 93 28 94 97 38 89 87 46 22 87 41 61 77 18 0 89 64 50
100 88 79 39 49 64 93 8 16 71 5 28 86 18 56 43 14 10 49 61 62 31 2 43 26 38 69 63 16 86 14 57 16 62 41 95 61 89 14 94 67 17 13 29 71 32 77 67 75 7 44 36 43 72 52 74 18 71 61 53 51 25 73 95 50 50 62 65 30 33 38 20 37 73 83 82 60 46 95 26 15 97 53 3 33 66 67 26 90 13 45 13 13 61 48 9
62 97 54 12 100 51 42 5 41 33 29 27 59 55 90 6 98 98 51 79 92 86 54 27 68 100 100 62 85 56 83 97 44 57 12 55 30 55 38 51 95 66 99 55 56 73 45 62 11 54 78 28 0 70 82 21 52 12 68 4 65 20 24 0 28 43 48 27 27 34 17 90 35 10 82 89 44 63 31 69 16 13 56 50 51 38 14 42 16 95 17 32 64 35 8 42
32 43 45 28 28 54 30 44 62 12 91 49 75 28 67 77 88 31 87 83 82 60 56 24 79 31 35 30 93 56 60 44 12 87 86 8 41 41 37 90 95 23 34 32 8 43 51 51 32 47 34 14 70 6 11 22 11 25 7 60 23 96 83 1 87 91 57 32 73 57 56 76 56 81 29 41 42 78 83 100 79 74 43 55 23 80 76 31 95 90 87 60 95 77 63 8
34 16 36 40 3 4 11 61 89 76 4 92 35 23 13 65 20 70 94 43 89 11 44 97 23 69 58 77 85 71 30 14 58 74 34 72 0 2 78 33 78 56 7 11 22 22 53 73 40 17 68 76 14 64 64 67 94 82 23 93 91 52 100 93 43 82 34 55 42 98 75 1 52 16 26 68 63 43 70 57 77 37 51 12 82 92 1 43 52 22 5 0 20 97 38 4
0 82 87 36 6 51 39 68 60 91 37 33 6 22 68 62 81 93 82 34 25 41 24 25 86 95 87 14 90 81 26 90 55 57 87 65 88 27 2 89 71 56 47 98 41 97 29 77 5 34 78 0 49 39 2 56 27 35 14 33 99 55 22 42 98 89 20 78 49 51 53 17 91 71 18 21 58 95 25 57 34 63 48 16 15 16 31 92 19 6 24 84 5 5 23 9
33 51 16 71 24 33 71 90 58 18 96 39 55 58 48 78 37 49 59 27 17 34 18 67 34 59 66 53 97 7 23 89 5 15 89 43 2 28 15 47 45 19 4 55 82 48 44 10 10 28 30 10 41 0 98 14 26 70 44 90 64 81 71 57 4 88 53 12 78 24 28 6 52 9 1 64 93 75 100 7 33 8 37 66 32 84 85 84 83 66 36 97 43 65 28 29
99 78 42 13 39 15 95 89 57 93 74 24 42 91 38 88 56 24 33 69 47 97 80 21 24 34 28 93 8 36 65 8 21 8 87 95 44 64 75 9 80 8 25 28 79 3 60 56 29 96 12 11 7 91 39 63 25 40 84 25 41 91 66 63 35 26 31 64 16 5 39 14 23 90 30 63 19 55 10 50 64 45 41 40 93 11 85 90 39 28 97 95 1 86 85 87
