sandbox/data/kelannen.asc
ncols 360
nrows 180
xllcorner -36.248
yllcorner 90
cellsize 5
[rows 0 to 56 of 180, columns 96 to 191 of 360]
2 19 92 74 32 84 82 36 12 30 8 82 72 58 33 80 45 43 52 16 5 34 0 3 82 90 61 74 64 9 39 80 14 0 56 34 11 59 86 7 69 17 58 23 85 22 53 68 33 18 76 23 31 12 26 95 60 94 85 71 36 59 97 59 93 99 43 34 2 11 6 55 47 30 55 85 74 74 21 95 15 39 40 65 79 19 44 35 83 95 29 22 87 11 22 3
67 10 57 25 44 22 46 58 21 6 75 81 24 96 76 49 25 78 55 72 50 74 79 53 51 55 80 81 32 82 90 41 11 96 86 31 48 3 48 67 23 57 57 66 80 82 63 49 45 72 72 32 43 4 78 24 14 100 63 39 83 91 13 91 76 1 30 8 53 22 10 0 62 2 65 60 21 80 80 31 75 95 33 8 80 68 43 40 83 89 13 2 95 48 89 67
37 51 75 40 25 12 97 6 25 56 49 77 15 10 11 69 16 80 13 48 19 55 71 91 12 6 14 90 57 32 37 54 90 89 52 44 39 47 52 47 27 79 1 37 85 13 29 5 22 88 27 63 53 76 99 76 36 68 84 41 80 58 36 22 28 27 40 41 100 41 12 61 65 64 94 38 2 36 97 1 94 46 95 49 54 6 80 30 33 25 41 52 42 48 96 21
29 85 46 79 43 17 69 19 65 78 77 25 60 1 61 78 9 20 32 46 71 35 89 41 40 13 14 47 0 40 46 42 91 76 9 71 37 43 43 88 75 93 58 2 43 45 68 25 6 9 74 51 32 61 96 62 62 96 52 51 38 94 50 52 39 23 7 92 91 48 77 43 45 32 32 83 46 52 65 43 87 66 84 18 97 86 18 47 95 52 92 64 21 4 37 37
22 57 64 8 74 78 86 96 47 20 53 32 40 94 69 84 63 95 90 59 37 70 17 45 38 77 30 75 67 91 45 26 40 23 33 41 8 19 46 78 21 61 2 94 99 33 6 58 19 43 29 46 37 43 41 6 5 63 8 31 78 71 95 53 74 14 94 6 66 47 77 47 90 34 38 83 72 76 39 84 72 35 39 18 21 13 91 66 99 40 90 21 63 63 54 12
64 59 75 64 17 67 28 12 82 18 10 34 6 51 28 42 72 5 63 76 98 86 61 90 92 96 60 16 28 19 58 48 79 81 88 93 59 90 1 58 90 95 10 100 57 57 72 92 43 83 45 14 64 52 72 44 43 65 25 92 0 49 3 50 37 5 15 25 31 62 63 14 79 95 22 28 38 59 10 61 9 69 86 46 52 34 70 64 73 4 51 38 29 3 56 37
48 25 96 83 82 30 35 73 19 80 7 77 30 20 5 86 27 38 67 13 91 11 42 75 89 5 57 74 55 7 60 6 21 60 49 35 38 17 10 56 55 25 27 58 86 94 19 37 36 60 16 88 51 9 27 35 51 100 76 30 46 93 96 0 94 30 80 42 75 67 59 21 34 44 89 95 66 26 43 75 80 43 8 77 31 32 0 25 32 63 3 100 12 2 66 20
22 98 79 9 17 75 32 68 37 54 13 25 14 53 49 71 52 43 100 55 7 15 3 17 81 63 39 69 35 51 67 80 88 9 32 52 19 27 65 17 72 46 61 77 87 66 39 85 99 78 80 11 82 44 73 11 58 62 45 33 75 87 45 63 45 9 67 6 78 100 45 23 57 85 95 22 40 34 94 25 89 16 23 17 43 12 17 79 20 69 99 4 91 86 29 4
71 75 4 83 20 71 41 38 50 54 74 52 59 61 21 98 3 98 55 29 66 31 35 27 64 94 69 29 33 10 25 1 34 65 11 62 15 69 85 46 7 74 94 20 75 82 96 16 27 28 15 88 96 11 50 81 41 40 11 81 39 5 82 90 38 47 26 67 67 0 71 72 59 9 76 71 71 100 30 81 25 75 4 47 36 46 79 43 55 73 71 86 59 74 15 3
3 87 63 86 69 80 9 83 90 28 30 47 5 16 64 76 54 44 0 79 37 10 26 90 70 18 20 79 18 95 77 42 67 45 95 94 14 50 56 77 39 65 4 32 96 51 9 17 62 28 15 11 0 12 63 36 91 78 8 19 64 40 54 48 0 82 99 18 48 3 41 32 11 97 6 89 8 83 47 28 97 78 4 0 88 67 76 64 20 81 11 83 29 83 53 99
19 84 32 90 39 27 68 46 55 6 99 42 55 15 83 10 29 69 59 56 70 87 81 1 25 83 42 46 48 98 2 27 96 22 9 75 64 57 36 2 14 68 21 45 15 85 57 54 4 52 95 53 72 63 56 96 45 56 96 19 43 60 53 9 73 87 52 41 7 30 59 13 27 8 99 100 51 34 53 67 82 34 85 21 39 44 97 49 80 73 49 76 69 64 27 80
89 49 93 38 8 7 54 20 68 64 60 74 84 100 41 33 31 91 90 23 39 18 80 4 41 91 27 80 19 63 82 80 32 47 10 81 41 62 21 1 12 99 39 98 58 19 71 33 26 42 14 37 67 60 21 84 54 55 0 31 89 5 63 41 23 31 51 76 6 48 58 98 5 58 2 14 48 81 32 97 21 38 20 36 76 57 69 3 92 90 0 17 11 62 71 40
73 56 4 98 58 17 83 82 47 70 83 32 6 16 14 80 83 66 30 30 56 91 66 8 35 46 19 30 16 2 22 15 79 94 8 49 99 76 59 23 4 47 83 94 46 14 60 50 11 62 82 42 87 35 57 30 61 89 81 48 58 66 67 73 68 97 76 30 29 58 55 65 94 20 29 86 14 30 27 52 3 69 75 19 97 51 8 49 31 50 67 62 50 39 27 57
48 83 95 30 94 59 93 3 88 22 100 25 46 3 3 28 53 73 89 39 78 12 60 7 14 9 6 92 79 17 40 23 59 69 70 62 82 52 84 64 56 37 71 97 35 83 62 16 85 68 59 77 96 51 99 21 25 57 8 4 35 15 66 91 55 60 3 16 44 59 15 3 87 95 34 23 18 9 45 12 82 82 30 20 92 90 15 6 41 94 45 92 2 81 60 21
58 21 58 16 43 72 79 50 16 85 96 54 18 31 81 80 22 76 67 11 46 93 35 27 91 42 31 92 87 68 17 53 80 95 98 10 24 15 67 77 66 10 54 49 78 66 67 92 35 72 91 38 51 13 20 32 31 74 15 64 99 88 1 93 82 64 36 72 74 35 42 44 73 98 90 32 25 37 68 52 63 17 94 96 41 9 60 95 89 93 18 80 32 93 21 19
98 85 86 56 2 61 46 75 81 43 87 50 88 60 67 86 51 84 35 42 40 1 12 66 90 50 0 54 62 2 44 89 74 53 74 70 27 19 76 33 2 21 89 16 42 51 1 24 70 13 62 43 89 68 50 77 32 74 95 2 6 96 87 77 35 99 62 9 28 50 25 95 17 13 5 18 24 43 11 97 36 98 39 2 2 30 38 82 69 48 81 84 73 19 36 54
59 2 76 59 16 8 17 43 95 9 64 45 28 71 77 91 17 82 0 47 22 70 61 24 92 64 15 25 46 93 20 100 97 54 49 4 22 47 46 26 84 44 26 9 49 31 18 53 99 56 23 44 0 68 51 74 35 90 48 71 46 47 69 29 83 91 63 19 54 39 50 5 94 83 98 36 23 55 29 79 74 97 27 55 72 27 88 27 37 56 90 22 55 79 59 25
71 30 47 67 9 58 66 35 51 94 11 70 92 25 21 7 75 96 49 96 61 95 46 79 8 32 47 52 39 0 83 3 79 42 79 84 29 1 70 67 47 73 80 25 62 58 99 27 72 1 1 63 82 40 40 78 84 4 56 6 93 76 61 18 49 32 82 81 87 11 66 56 25 15 11 45 3 6 61 22 42 5 8 1 75 84 48 33 73 12 53 44 80 37 30 56
66 30 40 11 36 30 40 55 42 14 73 31 94 39 86 18 97 100 100 59 22 41 50 74 74 90 8 82 73 45 84 87 75 18 45 28 28 18 2 21 41 47 10 31 80 24 63 54 32 58 40 28 19 98 35 65 75 48 91 53 24 91 86 97 68 27 56 49 44 67 13 76 83 7 91 9 83 96 27 76 41 79 28 7 88 2 88 69 27 79 17 51 88 38 13 51
70 16 77 81 96 49 69 12 40 55 79 63 58 72 45 6 4 15 70 73 78 14 32 81 71 50 10 78 98 38 47 7 68 55 62 5 13 5 3 55 61 0 99 19 3 14 74 99 80 64 66 27 94 51 91 29 25 69 51 78 72 53 18 55 69 29 93 9 100 17 31 44 72 30 4 73 95 31 66 42 33 16 23 38 20 24 17 39 73 69 95 18 42 46 1 65
48 37 67 51 74 76 81 80 29 12 85 49 31 76 72 86 44 3 97 19 58 54 41 100 61 63 72 72 44 4 79 85 62 40 35 48 76 29 82 1 89 67 86 16 52 43 62 39 0 7 80 71 68 27 86 42 82 31 66 79 74 48 36 44 66 72 34 39 38 10 28 44 77 81 89 24 54 7 4 2 40 93 8 61 56 33 11 85 44 0 48 42 3 84 86 11
99 65 0 55 66 41 31 4 24 86 21 27 20 43 97 95 11 71 92 37 74 81 60 61 58 76 65 79 98 50 98 51 76 88 38 19 60 86 6 1 86 75 91 85 62 32 43 5 14 59 23 9 0 52 34 88 72 37 87 90 81 95 74 50 98 82 14 60 39 34 78 90 5 91 40 78 68 74 42 45 2 72 3 22 16 2 60 17 25 86 52 68 85 82 91 68
46 29 18 54 55 30 48 8 69 68 23 23 6 36 92 93 11 14 71 75 47 63 99 42 9 91 77 66 8 44 57 36 80 16 9 21 56 87 31 80 42 64 58 77 70 89 71 19 20 29 68 51 76 39 90 94 29 70 47 74 71 55 14 17 45 100 14 0 99 97 97 74 44 28 0 54 70 49 96 55 66 12 12 15 48 20 68 37 92 61 90 60 47 49 91 72
75 82 83 67 84 58 82 93 62 58 22 16 63 32 41 95 44 94 95 18 97 36 1 81 80 70 48 7 36 1 83 66 48 73 11 51 63 60 23 45 42 55 37 54 40 49 93 97 35 46 71 29 60 94 49 74 0 38 10 36 64 99 68 23 89 31 11 2 24 77 68 61 0 67 51 94 90 13 8 3 70 70 56 57 56 43 93 22 48 29 26 66 7 83 40 94
69 91 0 72 12 93 42 97 83 82 30 92 62 33 31 28 16 7 87 23 99 72 64 95 26 95 72 79 3 54 5 26 95 36 26 7 94 22 77 55 97 52 83 55 5 10 78 66 21 76 42 59 67 3 49 97 37 99 6 28 86 19 21 10 6 92 55 90 36 69 34 26 76 94 14 44 19 45 4 58 34 79 34 74 33 24 21 34 84 54 73 5 64 25 20 99
71 80 41 73 56 53 40 6 96 63 0 37 85 3 58 1 95 95 33 26 53 53 74 57 13 73 38 50 17 81 62 31 31 18 16 58 49 67 58 78 34 91 72 58 66 32 14 65 9 28 31 56 32 79 53 52 0 51 30 100 67 56 14 56 75 4 0 40 34 57 61 40 11 43 11 7 13 0 99 33 91 71 67 60 46 94 64 64 23 83 10 9 29 83 38 24
69 60 21 66 57 85 61 17 87 0 81 3 3 55 54 95 52 25 21 97 80 22 85 12 61 97 76 70 2 0 66 84 9 50 47 92 32 53 31 10 68 92 5 95 85 56 7 88 11 64 2 75 20 92 85 41 7 70 61 48 60 84 10 99 2 9 47 55 82 41 84 0 19 59 37 69 53 60 84 76 16 12 77 50 10 81 53 88 78 7 58 22 35 43 82 88
94 55 52 48 70 55 29 99 2 14 12 42 8 49 6 30 5 19 6 51 89 38 92 20 62 7 51 43 79 18 20 99 15 12 54 73 50 72 39 6 9 68 14 15 27 97 10 33 3 83 53 18 44 24 38 4 48 80 90 30 80 71 33 57 85 81 2 82 52 73 44 69 92 87 11 5 66 27 24 56 43 43 5 56 10 79 52 12 67 85 46 58 20 29 17 87
33 23 15 25 68 91 24 62 76 61 39 63 24 96 89 51 29 15 84 56 34 71 12 52 56 25 74 37 45 61 40 27 37 58 92 54 30 86 9 61 65 50 55 96 86 64 88 75 33 9 18 32 41 91 79 85 83 62 98 4 49 87 57 10 71 92 8 15 32 23 37 18 17 27 56 3 50 52 6 70 30 2 27 29 21 8 0 65 50 12 95 69 68 20 66 24
72 32 93 29 26 100 75 65 64 0 43 12 64 2 81 38 17 11 40 99 93 31 8 21 30 32 4 58 33 56 58 86 74 96 81 77 99 9 19 67 26 71 92 93 17 94 83 86 37 75 74 3 2 39 44 24 54 3 43 66 85 56 68 34 40 91 19 67 12 17 37 2 74 76 90 6 90 17 78 63 56 38 10 87 77 97 16 22 4 75 22 100 23 43 62 53
87 63 20 29 47 0 62 23 60 78 26 73 63 52 41 15 18 99 36 77 49 36 20 42 14 67 14 14 91 2 1 82 84 59 20 33 44 79 47 3 84 41 94 85 76 59 14 91 72 85 21 45 50 26 16 21 92 52 100 10 41 15 38 72 47 5 13 74 23 60 89 68 56 31 92 41 5 13 28 91 28 29 62 29 95 81 73 91 11 94 49 21 75 66 39 81
65 84 44 8 87 8 48 8 7 41 46 95 29 28 9 27 11 64 16 48 27 4 22 8 100 81 14 80 13 59 2 88 100 7 53 49 7 52 42 79 38 46 27 99 15 45 12 25 68 55 30 11 64 7 30 23 75 81 7 6 18 98 36 58 93 56 47 22 36 93 12 62 27 25 49 37 5 46 0 4 100 3 39 73 39 45 9 74 94 92 23 35 32 61 53 2
82 84 2 60 22 96 53 0 41 34 57 73 94 51 88 26 69 30 73 57 69 9 36 86 36 67 72 36 68 63 50 37 81 84 39 42 23 2 64 10 22 12 59 6 65 90 93 82 50 81 20 8 41 25 80 29 40 43 61 35 97 94 40 71 94 69 34 67 71 42 15 36 97 27 49 83 15 69 40 96 45 21 3 35 24 47 84 21 24 58 99 17 52 90 7 79
7 96 96 88 54 51 85 90 85 3 87 1 31 44 55 77 18 66 10 92 95 83 59 54 41 42 54 81 15 2 88 3 13 60 51 10 58 55 3 97 71 67 4 33 100 13 47 77 32 65 57 38 70 35 63 10 58 5 6 48 3 96 66 1 5 16 7 25 44 13 95 39 71 57 63 57 4 31 0 67 64 93 90 53 30 58 40 26 100 53 88 60 9 16 15 12
58 16 35 30 13 65 52 0 20 65 84 61 48 72 84 79 4 14 14 23 27 99 89 90 87 62 2 86 13 3 41 60 49 75 39 22 21 45 9 61 53 77 68 22 27 0 51 66 60 32 47 55 74 63 85 65 98 37 51 10 75 97 58 58 38 23 4 90 6 8 34 59 29 86 97 45 27 60 50 19 29 86 30 59 26 60 27 69 32 31 51 85 10 85 56 7
63 95 71 9 100 50 58 7 74 79 18 39 87 61 33 74 5 12 34 6 0 94 76 52 66 78 19 93 38 80 59 51 68 45 86 43 19 66 36 27 87 43 12 88 76 61 98 84 9 37 96 72 36 39 63 3 18 29 73 64 62 19 86 15 51 89 99 40 99 44 60 43 95 65 88 65 39 71 34 77 67 50 65 70 6 15 85 85 66 78 99 63 65 88 11 96
71 55 91 15 31 18 67 90 40 87 46 63 82 47 0 62 51 9 0 29 14 3 26 91 74 15 72 64 97 17 51 49 59 86 70 31 40 73 89 78 42 92 52 63 27 52 91 9 6 35 41 14 7 84 51 35 94 59 36 84 91 7 17 47 83 70 36 58 11 49 28 63 51 6 30 49 20 45 45 45 57 12 51 84 90 59 23 2 86 54 97 30 11 9 77 80
74 3 68 23 54 16 77 100 93 9 98 11 97 8 3 15 47 42 35 61 5 6 6 34 80 37 14 15 25 85 31 54 2 74 11 18 72 87 90 53 98 73 69 75 59 47 17 49 7 16 12 78 8 99 30 39 18 80 9 63 45 60 75 30 28 58 56 94 4 52 68 61 24 95 81 63 90 31 81 76 42 36 99 92 2 45 25 17 36 12 34 10 28 91 11 41
77 34 74 3 55 73 10 18 18 76 46 10 97 61 8 58 78 61 72 81 23 76 25 28 76 48 0 94 49 76 88 44 4 8 59 15 95 98 97 33 92 88 24 47 3 43 73 80 8 35 30 94 6 91 25 37 28 77 70 91 3 77 46 83 40 52 99 81 52 83 83 57 28 41 64 74 32 28 89 24 25 25 39 98 98 67 48 73 18 54 99 19 89 72 16 17
2 0 2 82 52 17 41 18 85 34 23 48 69 81 79 60 85 72 46 82 75 80 25 78 8 36 37 33 53 14 3 89 56 75 94 8 86 13 19 1 30 95 28 30 28 99 73 80 63 100 3 91 66 87 46 72 22 79 86 5 71 95 13 3 58 92 83 41 6 72 38 46 72 69 24 22 90 38 54 15 20 16 85 99 71 13 93 49 66 75 12 7 5 53 100 64
52 54 57 34 58 91 61 20 30 48 45 61 0 0 48 67 49 43 29 53 74 68 14 3 44 79 93 52 68 78 56 76 91 86 70 3 46 24 37 42 88 29 94 38 52 57 20 48 88 57 21 71 36 19 32 42 76 78 43 12 6 83 29 7 72 17 74 94 75 0 8 17 32 90 65 94 46 81 74 2 25 35 8 69 85 8 56 29 56 62 52 88 49 22 23 40
90 76 7 49 44 23 72 22 68 79 40 70 2 74 7 37 47 29 68 96 59 30 47 97 43 22 0 88 71 83 43 100 66 89 80 79 41 2 77 58 63 84 88 45 83 62 75 83 90 73 37 100 16 98 76 1 50 66 48 22 56 60 7 59 6 84 80 88 61 100 61 0 74 70 91 83 97 3 26 80 99 45 49 55 97 78 5 77 19 44 98 1 72 59 12 36
57 92 70 21 89 74 10 69 83 39 94 63 6 34 86 55 83 15 43 31 72 62 45 87 61 89 75 48 32 59 80 3 66 40 44 45 46 13 13 63 14 79 93 40 27 61 38 13 3 33 22 74 98 20 39 24 28 58 26 0 1 76 17 87 76 15 25 82 64 1 47 53 90 5 89 1 83 11 23 1 85 13 70 90 19 81 1 80 87 91 54 60 91 42 74 37
0 97 60 31 9 94 38 59 15 72 48 5 17 29 45 99 8 46 6 48 89 14 85 53 46 78 39 41 92 1 44 10 39 51 42 10 21 80 97 57 11 8 62 41 51 17 75 2 94 88 87 45 25 90 41 39 44 24 65 92 88 80 47 48 2 99 57 34 91 72 60 72 84 8 34 2 80 48 95 51 3 27 30 49 30 63 5 63 49 5 56 76 67 67 16 62
89 80 69 0 35 8 78 98 85 60 91 25 86 39 13 0 84 8 49 89 17 68 78 50 34 89 15 42 79 67 85 85 30 67 25 63 3 21 84 79 80 23 90 39 11 17 62 30 22 88 36 90 24 24 72 71 35 30 44 96 66 31 40 64 81 97 62 23 40 26 87 17 68 14 58 92 89 75 9 6 50 63 86 4 23 61 33 65 49 97 24 73 15 41 29 63
95 80 0 42 48 97 62 65 5 32 69 37 72 5 63 30 99 34 94 22 33 59 77 69 29 97 65 5 86 87 89 29 73 77 74 61 95 20 84 7 39 7 69 52 91 72 63 41 30 46 1 54 72 3 30 16 12 20 16 15 32 1 32 85 85 44 69 23 9 63 0 68 100 12 63 59 44 27 65 38 26 55 96 69 28 18 73 98 64 19 8 61 79 7 47 15
47 60 14 73 32 22 93 75 17 15 78 72 75 43 62 53 63 32 96 71 50 35 12 2 51 93 12 38 99 85 9 41 73 73 70 29 56 3 40 91 85 18 2 7 26 56 22 10 95 43 36 83 88 95 31 22 76 13 0 95 30 76 17 93 5 43 28 41 7 90 26 87 38 55 28 19 30 70 29 37 51 97 4 16 22 76 64 99 31 91 24 68 90 82 63 65
95 4 50 15 81 89 3 72 8 57 72 95 44 11 51 24 20 49 59 92 85 45 56 59 39 40 67 93 76 97 85 17 6 2 61 0 77 48 10 89 21 87 51 38 44 84 82 19 29 25 80 81 23 99 88 88 4 85 68 97 43 9 88 54 82 45 4 64 19 4 29 57 14 9 75 22 93 58 45 72 84 1 94 55 31 97 51 12 98 67 34 62 35 95 68 78
65 64 20 20 15 4 29 11 61 31 3 11 2 90 25 27 2 86 95 38 64 7 82 100 81 53 73 7 31 73 90 86 53 86 94 51 76 15 50 88 75 12 61 75 1 82 43 16 65 68 92 78 73 40 76 17 83 2 12 91 43 94 57 19 66 77 41 9 5 93 32 68 8 7 47 44 25 59 62 3 7 63 64 26 16 79 90 28 4 79 82 1 93 10 63 10
85 57 14 65 43 96 18 54 5 6 61 58 16 80 56 61 9 70 31 16 92 22 5 55 19 67 23 82 65 97 38 14 27 24 30 10 4 10 87 32 81 38 73 62 37 12 68 68 78 93 22 89 52 18 20 97 82 44 24 15 25 26 72 87 33 75 55 42 41 25 98 59 4 76 46 70 39 15 26 40 54 47 16 100 1 38 41 34 37 57 44 55 95 95 32 58
24 64 29 43 14 98 64 25 40 80 60 72 25 19 42 87 59 15 48 91 98 1 62 8 54 67 26 32 29 60 78 84 5 44 65 53 5 85 61 77 15 30 92 90 60 23 4 72 20 76 56 71 51 23 89 2 96 83 35 98 77 40 66 11 63 7 60 13 44 77 5 36 80 76 51 41 17 38 72 41 26 87 9 73 64 62 29 52 26 88 85 29 63 75 2 62
14 92 24 5 72 41 28 49 21 57 72 42 18 79 50 20 60 66 100 1 68 5 3 27 52 77 46 69 5 83 68 21 44 40 90 33 56 24 73 14 47 15 71 78 54 85 64 28 16 99 68 71 100 77 1 59 1 75 60 0 34 57 9 86 6 95 69 46 77 15 23 27 27 2 51 18 87 12 34 79 10 61 26 58 31 26 90 21 10 99 94 14 37 63 0 35
5 64 27 79 24 35 45 21 57 76 0 77 74 77 66 81 67 65 94 1 83 1 62 90 74 30 95 20 87 6 14 85 98 9 74 100 76 46 72 90 5 48 70 84 84 91 23 36 86 11 29 24 38 96 57 87 45 78 42 70 13 10 19 77 81 96 0 11 30 72 16 76 58 12 94 96 33 93 5 26 37 90 82 47 23 19 22 46 39 86 24 82 42 81 74 70
92 11 82 57 50 65 97 100 29 79 94 82 43 95 25 19 69 75 68 21 44 8 45 70 93 13 97 42 44 82 49 68 88 68 18 9 35 79 6 13 95 84 7 32 49 69 48 33 73 65 25 46 45 89 54 5 95 28 40 43 27 65 13 82 57 68 63 9 3 7 57 3 68 36 54 3 36 67 18 39 41 24 4 87 73 1 72 28 56 29 74 12 99 84 66 14
64 39 59 89 23 57 87 51 40 40 62 86 53 57 19 45 85 43 31 8 22 30 88 81 27 96 85 12 33 78 92 47 8 28 31 38 24 27 42 75 44 75 92 51 70 14 92 30 54 57 11 90 27 32 61 62 3 55 7 18 33 68 74 51 63 30 2 84 1 11 62 86 21 81 25 66 25 57 88 16 46 57 85 69 58 64 31 19 96 94 21 83 95 80 58 73
24 56 87 59 97 62 60 43 84 29 39 100 41 81 78 20 65 4 11 87 26 96 42 6 6 67 62 93 20 52 51 87 32 15 99 19 1 77 65 18 13 48 63 83 71 87 19 81 97 30 24 43 99 42 79 87 88 34 29 7 54 4 87 21 28 1 66 38 16 50 71 7 47 17 45 39 21 25 25 98 88 20 23 24 71 43 48 43 95 84 0 10 100 74 48 96
21 23 51 57 42 60 27 97 92 40 2 89 45 43 77 96 51 40 40 99 91 13 34 40 43 60 82 63 60 32 78 13 18 34 37 56 47 28 2 76 15 65 86 30 45 22 59 27 87 3 55 96 79 23 34 73 99 94 60 4 94 18 52 14 56 10 5 95 87 89 92 51 69 46 41 37 60 31 92 7 12 82 29 7 65 32 11 65 79 58 55 18 19 22 73 98
