sandbox/data/sylviashea1.txt
ncols 200
nrows 200
xllcorner -60
yllcorner -2.5
cellsize 0.05
NODATA_value -9999
[rows 129 to 171 of 200, columns 0 to 95 of 200]
82 453 45 100 84 176 298 375 169 141 1 48 437 88 472 267 139 72 326 416 251 322 201 135 116 256 294 120 169 128 118 232 209 211 224 224 156 90 181 244 381 116 376 301 365 44 368 344 328 331 205 278 341 414 250 268 186 232 420 417 62 133 255 0 322 334 474 465 351 485 235 444 126 141 110 279 290 178 146 107 22 139 444 53 165 92 146 151 133 53 388 372 208 210 272 414
43 140 277 370 6 231 455 488 196 109 474 147 282 440 140 299 66 128 135 255 62 457 74 206 257 195 359 310 85 279 174 398 403 147 248 313 141 486 293 173 184 433 222 412 329 336 389 62 250 440 495 246 487 142 471 300 332 125 483 364 148 148 126 484 454 102 320 327 491 491 106 250 498 166 375 429 374 431 315 148 385 260 435 237 221 403 221 102 266 390 309 41 333 469 392 327
343 239 295 354 254 313 491 264 451 353 201 146 77 381 179 462 100 445 140 74 56 9 20 431 225 298 345 197 445 194 216 241 416 292 273 25 102 40 15 270 413 408 169 318 401 12 207 308 233 132 19 157 231 57 323 165 65 498 31 260 215 258 151 324 323 53 304 259 88 303 413 489 18 459 73 92 80 123 355 294 110 177 63 252 433 340 113 295 41 141 238 453 229 500 452 406
92 442 351 308 76 95 441 386 89 265 29 298 239 478 485 76 427 377 463 131 30 161 80 253 36 151 281 246 21 22 307 56 228 84 144 313 353 360 313 416 23 419 64 112 88 41 292 286 364 135 144 162 361 414 109 201 369 14 446 141 226 47 358 323 450 210 236 15 473 185 67 100 404 265 36 178 318 220 216 10 282 308 30 406 271 138 379 229 414 183 155 296 271 93 153 307
218 400 216 71 257 81 335 191 194 106 480 356 283 202 254 407 412 429 220 324 454 56 331 348 6 369 141 297 58 201 56 440 6 240 71 449 169 341 398 273 190 174 46 118 219 490 279 490 242 51 274 153 14 385 17 365 200 476 441 236 442 211 499 216 389 83 204 349 392 55 119 296 211 279 115 331 2 208 128 342 13 228 351 76 157 197 29 391 161 245 233 15 134 279 142 344
339 420 16 184 421 337 290 344 447 369 460 88 35 172 108 227 132 191 50 132 64 16 149 247 287 108 435 465 371 25 141 226 413 350 305 17 221 103 425 235 353 228 442 300 331 19 122 257 370 159 27 457 87 500 139 222 18 297 395 318 453 110 11 42 311 144 245 492 159 30 101 8 432 426 359 20 279 203 343 290 20 463 210 67 362 263 405 81 266 394 71 146 184 16 492 337
212 199 246 488 375 422 225 368 110 201 29 190 80 419 87 379 323 97 297 411 283 369 148 76 250 173 318 436 59 7 244 232 330 136 83 111 184 106 40 16 372 491 408 176 408 92 82 32 68 345 296 28 293 419 299 93 474 365 309 288 450 195 75 129 404 186 159 11 478 476 468 323 35 307 78 474 35 76 285 200 87 476 306 403 449 272 213 295 188 475 415 218 70 348 73 161
214 194 232 217 39 109 366 253 316 167 290 263 377 396 491 497 253 91 206 6 84 426 145 330 292 214 171 386 230 436 201 275 12 276 498 304 417 79 435 233 229 216 481 61 391 213 28 200 477 166 460 306 412 298 469 20 79 195 20 269 89 151 376 200 448 385 400 460 493 192 402 166 345 203 213 363 348 203 263 468 271 442 336 459 253 393 176 21 365 108 463 15 122 42 191 18
49 334 173 174 188 492 445 461 324 81 479 412 319 261 254 299 154 450 453 100 488 365 197 423 446 416 183 340 475 137 121 225 323 34 218 325 134 326 469 24 207 435 432 256 242 151 207 482 31 111 318 432 411 103 407 456 471 34 276 70 149 357 121 277 324 25 375 470 56 363 142 477 382 132 188 392 180 181 67 44 136 33 18 475 500 150 142 28 223 108 34 49 248 243 308 407
254 276 393 281 291 390 371 115 406 176 28 278 171 283 220 102 280 273 436 301 211 37 416 194 429 275 187 440 275 99 127 416 237 264 142 133 484 64 262 4 11 474 8 440 168 41 490 444 437 280 199 425 231 234 307 202 151 360 147 54 292 479 383 184 228 363 305 136 414 244 255 157 382 303 16 460 363 184 54 204 0 254 269 405 36 36 185 45 277 32 459 274 224 127 293 295
188 476 2 299 438 452 56 233 51 294 449 167 488 265 360 202 184 205 345 260 263 185 5 138 331 125 255 10 419 139 264 231 414 347 333 211 154 227 417 440 143 94 109 23 67 416 57 212 186 202 336 381 24 5 240 187 83 441 415 162 366 328 405 260 471 375 139 86 14 464 133 399 15 160 52 59 43 351 99 34 365 212 481 80 458 398 249 74 137 485 358 320 37 16 257 286
133 221 302 107 18 150 280 346 102 192 42 319 484 399 351 301 472 371 367 282 408 324 33 67 24 179 267 162 325 65 389 244 73 218 347 295 137 81 173 416 216 464 352 223 447 57 413 23 478 203 127 132 366 396 427 428 328 8 69 490 392 132 401 412 355 398 383 194 339 127 386 133 379 145 76 412 214 336 211 256 115 285 220 365 134 6 290 51 298 134 103 294 460 378 227 492
13 3 500 395 396 44 287 402 346 195 143 331 499 47 239 138 484 49 451 244 492 244 64 246 118 173 410 429 247 362 191 379 373 210 84 467 351 10 463 187 443 0 211 417 173 365 497 326 491 84 420 369 418 25 475 409 349 278 262 220 156 195 471 177 222 408 203 436 445 330 453 33 414 76 485 406 37 149 83 100 360 455 484 219 323 430 452 396 87 171 197 371 481 130 85 457
500 132 12 208 464 440 130 17 72 103 336 41 91 391 44 385 19 61 295 273 452 252 262 349 106 118 359 436 438 500 358 388 58 461 458 110 195 32 340 376 333 382 127 302 275 106 203 130 377 350 213 406 211 227 490 161 12 116 394 240 24 127 398 103 472 71 299 81 180 189 478 277 109 65 28 268 229 89 338 175 122 26 421 472 252 352 476 409 195 450 131 267 100 499 24 262
295 300 78 354 94 263 261 115 411 460 337 13 113 24 294 154 85 83 293 350 354 338 185 38 423 82 147 373 131 28 30 268 426 8 435 149 309 499 483 299 76 312 435 151 301 461 96 263 85 448 25 359 461 402 449 200 451 259 197 238 435 348 157 218 19 332 357 329 116 341 280 441 443 327 466 175 323 246 282 142 477 48 93 230 35 233 205 218 130 12 63 405 184 105 448 51
148 494 335 279 386 182 405 74 481 418 113 301 485 292 363 486 350 360 8 377 325 400 363 191 420 225 243 190 54 21 499 66 365 403 163 283 52 361 23 50 258 382 33 426 487 376 356 55 94 146 155 405 373 350 29 16 152 68 366 88 357 47 141 296 263 258 333 65 435 306 183 287 82 273 328 107 32 361 8 140 349 219 80 85 464 430 290 150 484 251 94 458 244 310 49 161
113 441 69 424 318 311 417 389 198 441 138 102 36 109 108 153 244 325 44 290 214 65 177 204 76 213 204 4 131 150 34 175 186 225 233 396 147 274 128 100 458 359 299 306 446 445 181 262 44 266 13 369 255 344 11 297 322 170 184 488 206 240 329 274 77 21 226 247 469 381 144 447 71 41 76 216 229 388 333 6 147 4 250 499 360 32 417 245 383 341 102 316 19 217 99 25
326 64 74 10 380 105 107 303 342 333 244 31 398 465 30 36 145 1 379 240 288 247 47 49 133 234 103 387 213 328 214 459 77 41 414 26 111 490 389 398 475 323 120 114 156 225 53 312 456 459 368 371 397 185 218 161 458 423 363 86 438 76 141 424 192 290 185 228 104 268 160 47 393 304 423 19 386 69 450 22 144 262 363 218 326 163 341 201 494 181 368 474 44 387 454 417
63 450 496 36 189 31 458 457 106 233 451 175 67 381 294 135 158 78 465 168 381 447 395 31 169 70 257 389 385 493 27 401 184 135 74 277 213 491 75 297 440 173 172 468 305 308 110 38 464 23 147 444 167 316 56 364 164 155 64 467 235 213 283 223 385 118 237 237 208 93 441 486 294 6 308 207 356 50 427 78 258 134 492 85 228 116 159 235 388 303 280 266 53 29 423 89
260 67 15 208 135 116 415 131 471 286 270 175 146 344 322 259 232 167 346 467 378 339 154 413 72 488 151 408 99 126 325 202 132 155 297 454 59 30 316 54 121 224 348 282 395 266 24 377 404 468 428 359 280 71 35 97 326 277 62 299 176 183 46 377 439 32 336 463 345 56 499 127 366 383 277 41 206 244 217 437 133 86 92 316 325 406 20 442 346 484 24 121 324 348 207 13
369 101 381 487 287 198 31 238 32 266 309 461 292 272 151 290 458 358 26 89 189 229 448 371 394 354 370 220 123 364 421 83 301 51 213 483 494 237 486 162 352 242 211 385 402 98 382 487 458 478 361 470 488 456 46 203 196 429 358 296 285 396 407 156 376 412 222 28 233 174 169 181 209 227 30 26 356 439 352 243 194 43 2 214 154 352 54 262 285 232 166 167 371 488 2 41
302 363 183 182 55 81 4 91 183 46 397 327 500 139 365 407 18 217 185 238 423 312 210 142 371 469 26 47 329 416 38 164 451 36 192 51 320 250 45 265 162 280 287 116 141 127 447 322 143 5 113 85 412 445 136 51 130 275 300 245 15 184 298 440 346 39 3 232 239 72 320 326 179 437 309 216 166 261 2 467 224 122 386 429 409 345 68 389 253 241 499 129 421 281 299 130
427 166 483 249 293 222 243 213 315 32 373 407 396 265 349 479 154 419 357 447 477 372 155 12 2 92 74 37 23 254 36 285 78 358 193 110 496 229 499 347 256 297 32 310 265 352 265 304 74 375 204 356 430 373 438 50 238 156 331 408 470 460 201 433 321 79 233 127 331 473 430 376 381 35 377 427 41 381 65 450 80 447 103 101 82 347 119 159 299 497 473 485 366 280 166 89
323 304 227 399 102 483 159 322 391 444 206 128 473 361 154 149 460 302 312 49 370 256 161 148 26 346 277 293 268 416 0 6 155 317 182 421 130 453 433 296 244 370 259 376 219 284 263 146 482 171 222 458 469 266 268 11 235 46 397 259 461 10 387 41 263 22 168 252 81 278 267 150 287 404 248 264 238 394 145 49 37 241 360 379 162 243 356 162 263 244 141 105 183 81 92 268
284 111 37 75 100 401 246 14 57 193 327 218 416 204 424 370 212 350 83 358 199 24 233 148 470 330 316 436 321 426 468 301 110 327 97 131 475 58 270 197 335 410 310 267 92 339 429 311 330 232 24 161 405 145 293 487 173 303 350 35 269 248 189 287 380 323 374 321 186 279 461 331 318 4 16 365 282 222 125 70 316 392 117 475 350 272 303 428 48 356 367 188 236 304 220 98
395 170 259 192 73 161 494 331 69 458 200 131 289 281 234 362 436 92 98 13 128 500 90 259 289 108 169 390 423 25 472 388 86 35 12 86 78 427 442 296 178 80 433 283 156 242 331 395 304 420 26 283 141 479 254 77 370 265 5 15 460 37 228 185 474 354 78 44 252 490 263 218 407 357 380 185 433 311 149 375 202 83 306 42 24 421 347 95 172 471 104 369 28 483 313 473
341 20 202 431 384 351 332 307 156 15 456 265 39 153 60 465 361 19 112 17 316 286 98 213 109 490 492 408 203 46 311 70 304 494 13 182 327 427 61 314 96 430 423 458 141 154 8 469 398 319 308 209 24 403 411 58 115 142 343 22 326 204 302 469 428 69 142 45 60 199 451 210 138 450 314 211 451 255 354 309 450 142 305 316 480 468 437 66 346 374 346 354 74 329 398 458
189 104 379 271 107 158 342 299 260 141 53 375 466 72 393 418 393 419 175 192 349 470 224 94 12 440 375 285 156 228 131 393 53 160 337 303 76 28 476 499 320 303 461 32 97 337 264 97 176 211 420 159 437 36 37 362 307 274 148 66 272 250 56 304 500 215 447 437 45 116 39 91 344 403 249 279 193 9 179 263 394 69 196 330 325 347 340 415 474 345 201 321 254 264 291 368
107 216 81 272 289 422 257 176 224 481 58 112 169 95 59 241 174 142 153 272 187 50 146 433 184 148 423 13 72 180 419 376 497 240 330 67 58 249 387 394 116 276 138 52 40 307 151 29 109 303 288 240 445 45 310 73 110 430 295 178 460 319 144 448 255 464 471 217 138 234 114 75 164 184 44 310 433 85 479 371 59 171 367 314 164 72 166 45 207 484 301 152 435 107 164 148
145 257 35 57 339 424 308 299 456 192 5 394 296 422 404 409 439 151 65 356 379 422 266 31 120 411 374 446 126 379 237 262 62 382 352 387 158 373 117 283 298 497 373 493 272 463 280 1 274 66 182 247 10 156 354 235 483 12 140 427 36 133 298 14 179 137 222 318 186 493 186 66 442 125 487 186 281 371 206 174 138 421 287 318 59 442 358 150 423 104 347 204 48 268 316 233
265 157 446 248 249 176 24 215 67 454 141 280 417 445 495 314 438 156 356 35 95 234 319 335 421 108 268 152 244 238 416 67 26 153 40 267 44 87 106 259 443 455 258 31 71 105 480 238 428 332 212 493 185 294 399 384 29 74 70 141 478 212 328 390 279 252 267 304 422 215 380 129 73 437 200 314 324 173 215 40 27 469 158 378 92 469 61 29 246 122 173 142 358 349 336 140
252 362 371 301 41 376 367 349 456 311 219 368 441 128 5 272 138 27 132 458 63 313 401 279 137 102 280 245 284 157 185 6 465 379 467 51 177 162 278 300 74 265 213 173 268 186 412 198 322 297 383 94 52 369 138 14 410 399 184 142 386 324 207 145 298 323 3 488 154 155 152 484 63 488 106 261 494 217 388 351 273 303 221 477 216 203 335 176 399 3 69 243 113 110 322 438
300 38 169 226 13 436 10 309 317 113 310 467 415 351 200 44 320 284 51 252 325 430 23 155 178 481 189 258 48 65 452 284 395 25 59 154 0 70 260 144 14 113 135 111 222 120 265 171 433 149 111 440 483 309 464 74 393 34 247 65 469 480 105 16 236 450 233 116 266 333 67 392 55 29 450 139 325 425 174 344 230 180 288 147 286 257 381 241 343 97 309 108 81 284 38 17
414 159 339 224 57 227 128 171 225 386 62 68 381 6 272 69 357 423 160 386 239 411 78 332 437 162 411 473 377 355 400 131 74 283 181 208 249 413 396 273 149 312 96 366 60 454 213 158 24 164 246 312 323 429 353 155 100 305 247 168 284 19 491 403 176 232 63 162 328 280 219 144 233 93 275 249 15 477 53 372 375 212 450 140 85 150 92 276 71 305 55 475 75 278 290 460
113 235 108 330 465 325 256 342 154 333 353 10 184 151 13 350 241 185 473 460 481 45 48 52 424 113 122 130 168 246 170 105 141 244 112 165 418 13 473 251 455 342 377 248 326 88 327 305 167 230 163 91 373 367 357 364 293 162 268 355 199 12 90 346 100 154 110 38 229 267 200 465 29 10 320 278 202 291 31 255 329 197 161 156 3 177 17 119 415 63 260 500 365 278 207 400
311 223 374 266 107 103 323 237 220 458 382 283 371 491 206 344 73 114 441 159 9 206 253 118 127 379 92 266 375 79 127 139 56 287 146 404 483 96 217 96 352 201 196 51 104 144 458 384 350 59 105 363 87 419 285 422 103 239 51 53 399 74 311 351 486 232 498 341 430 313 208 450 80 390 337 12 374 457 458 117 207 353 450 235 482 174 130 369 472 426 32 207 427 463 191 358
453 480 178 466 235 173 96 32 441 81 110 194 409 264 162 374 140 433 348 345 334 456 280 35 296 165 39 308 282 325 159 267 298 103 416 279 397 350 342 457 416 244 458 237 313 415 332 29 73 48 41 154 164 485 196 468 30 303 231 81 447 294 33 49 240 436 277 327 319 97 256 48 56 252 398 61 377 332 441 183 22 238 448 85 67 466 3 282 22 5 228 353 334 11 127 203
147 433 412 494 345 461 200 416 292 192 317 84 320 435 200 196 154 92 408 425 406 234 119 87 438 151 46 17 241 324 191 386 375 81 402 414 87 89 96 60 295 261 268 273 307 405 282 266 126 250 12 487 59 245 216 168 386 320 432 21 63 120 291 64 1 351 214 439 201 19 310 386 68 84 378 5 194 283 167 408 27 202 363 337 368 267 81 261 332 89 57 201 11 158 103 415
336 360 189 48 300 323 298 134 55 333 322 453 267 381 37 57 232 89 359 34 145 335 306 205 225 224 107 112 116 45 259 233 174 196 469 280 138 322 114 457 316 41 487 480 476 131 233 249 121 249 201 431 159 224 413 82 266 443 277 33 180 337 44 94 161 185 334 232 181 141 369 42 420 427 336 139 361 310 410 179 225 149 13 13 385 13 499 470 93 296 77 200 262 170 434 219
49 8 471 373 355 98 242 84 483 354 459 2 67 321 70 49 345 62 130 487 480 235 245 396 431 421 484 394 122 104 278 112 225 484 192 215 318 113 427 25 61 285 106 327 226 303 129 339 175 178 65 333 411 209 30 269 132 443 291 131 410 55 169 312 431 364 141 164 361 262 471 351 300 471 471 204 361 183 33 418 184 24 88 101 221 46 227 294 343 262 87 33 499 380 257 222
296 159 462 432 29 132 371 25 297 395 433 245 297 234 126 92 363 233 95 351 314 434 385 55 284 104 29 440 137 498 351 253 397 280 275 301 49 441 340 13 20 142 105 429 169 458 349 64 258 288 32 500 184 198 21 452 307 278 58 395 93 120 441 71 216 265 465 73 30 190 342 336 407 366 45 486 284 152 162 121 129 150 140 37 446 290 258 429 169 198 438 255 294 234 260 473
421 223 66 65 105 387 272 159 270 405 454 207 240 379 181 62 81 37 279 488 279 112 371 492 174 100 54 175 218 89 419 162 310 430 480 199 123 391 450 36 86 408 408 24 116 287 77 173 24 160 137 74 382 243 253 42 256 349 388 101 159 312 210 186 443 498 41 333 239 272 328 110 465 317 400 491 107 123 223 350 436 140 363 323 305 307 10 124 415 55 327 388 49 136 143 343
244 424 469 344 430 474 264 399 371 315 230 399 403 320 126 475 434 500 313 438 76 488 216 242 106 32 27 428 156 342 207 462 27 156 406 181 413 181 146 311 27 5 188 182 87 281 144 417 226 264 466 469 5 470 124 431 289 7 30 234 386 284 255 50 378 185 60 472 27 136 138 103 35 436 453 486 272 400 137 12 261 146 304 69 240 53 436 320 446 17 427 245 419 312 488 96
