sandbox/data/sylviashea1.txt
ncols 200
nrows 200
xllcorner -60
yllcorner -2.5
cellsize 0.05
NODATA_value -9999
[rows 0 to 42 of 200, columns 0 to 95 of 200]
104 203 257 191 173 264 111 296 365 114 441 33 191 463 439 63 294 279 473 412 250 135 113 115 416 485 153 333 389 399 384 100 157 458 109 104 238 61 451 485 300 465 144 165 437 12 215 330 308 45 183 226 100 146 442 397 312 57 70 496 435 422 240 495 101 280 193 444 40 411 393 50 49 160 439 387 210 77 459 304 444 194 308 463 421 488 345 414 142 55 305 402 196 23 26 40
121 155 271 234 92 262 479 121 279 53 116 201 301 136 424 172 370 373 206 71 305 13 55 335 498 226 8 149 422 180 444 97 98 114 91 490 356 382 497 249 442 414 57 215 394 392 202 221 117 205 432 58 487 54 492 281 454 336 182 202 344 446 156 213 24 400 23 465 132 51 119 77 100 456 49 302 84 26 392 3 347 491 268 182 210 176 211 61 7 273 119 256 350 393 202 43
496 493 454 14 256 348 462 382 153 216 439 47 471 416 29 472 10 439 278 468 143 211 474 129 181 301 403 33 142 419 460 435 454 139 391 139 419 495 196 66 476 7 129 57 49 101 2 42 181 59 307 169 120 91 396 97 457 440 22 450 65 102 352 82 27 446 201 98 148 249 69 393 146 287 459 365 342 425 371 35 113 23 248 377 273 314 24 209 310 435 398 120 292 332 438 65
26 347 362 186 69 23 327 101 487 293 280 352 163 187 11 292 118 230 480 111 304 66 126 73 67 55 373 141 343 128 388 380 420 349 284 192 195 257 452 170 87 227 363 149 205 425 262 187 63 211 297 436 127 237 276 18 29 57 376 378 425 473 383 320 307 409 417 20 108 374 486 25 291 168 497 445 371 208 445 168 205 107 187 417 7 111 166 246 235 58 50 103 311 253 64 92
291 176 136 130 338 9 221 449 91 436 66 376 478 189 379 102 7 436 23 13 294 307 131 343 473 318 467 125 225 451 359 290 221 323 247 426 245 434 267 427 426 1 196 131 288 483 356 296 367 16 425 327 367 265 34 1 400 148 487 425 2 69 451 67 166 87 22 188 467 384 282 164 239 349 267 468 122 204 233 64 28 310 457 45 119 273 126 84 360 464 104 217 193 241 436 462
41 466 362 320 297 151 298 483 317 141 61 209 198 219 365 278 123 370 117 227 355 500 468 405 239 439 230 315 333 124 130 427 196 210 134 33 244 294 367 13 365 388 250 108 117 85 331 339 463 46 146 420 125 344 255 110 328 386 428 143 459 67 73 108 84 133 464 311 130 5 316 189 147 298 214 327 251 11 318 167 121 214 155 247 391 110 341 304 165 245 223 223 467 115 280 128
429 378 170 384 315 436 413 453 496 375 184 261 469 331 401 204 303 479 491 384 442 440 371 336 214 449 453 4 367 361 173 94 131 124 277 459 67 208 74 155 296 373 201 25 88 403 14 162 112 41 76 300 457 325 175 72 459 376 307 243 270 34 329 442 181 169 181 11 92 172 176 410 129 344 321 205 412 317 97 425 461 16 42 54 421 319 416 407 424 306 282 38 495 276 139 139
242 40 421 74 392 43 15 478 315 480 497 447 337 77 191 313 207 126 291 4 396 128 318 243 129 4 495 106 11 52 436 267 115 458 44 434 496 168 94 354 362 21 129 368 113 221 401 307 347 281 165 396 52 227 350 170 51 461 222 112 49 214 69 439 44 267 343 348 33 124 117 437 157 52 43 3 428 32 226 331 314 166 126 494 241 250 279 240 119 420 27 339 23 53 327 194
17 123 173 210 303 228 74 430 133 87 465 164 322 219 477 491 414 316 477 425 13 248 466 304 374 186 433 141 266 88 456 284 301 130 193 315 452 499 59 401 425 151 202 114 394 357 240 333 375 12 290 439 185 500 45 190 412 288 176 218 85 229 10 403 211 419 74 127 347 439 162 495 354 437 303 285 273 499 167 477 184 30 377 466 453 41 43 335 372 18 371 128 160 403 319 102
265 54 107 9 91 327 331 14 340 108 464 269 489 103 84 343 195 497 465 494 202 23 75 435 463 184 304 497 89 68 19 345 380 410 390 23 349 345 31 387 393 115 119 37 109 287 396 317 249 239 486 473 9 390 347 478 108 184 114 167 87 152 409 75 12 355 360 358 54 230 149 441 177 151 206 90 150 113 204 380 403 432 414 241 190 441 391 308 5 144 303 163 418 346 42 228
290 111 190 47 64 44 100 104 350 169 37 291 421 238 349 307 372 57 194 148 446 338 265 54 87 220 375 443 220 427 415 110 248 2 147 178 334 342 85 326 176 349 405 72 422 296 36 421 240 356 269 88 407 247 415 265 129 12 95 61 232 359 219 235 496 193 487 136 135 368 416 266 468 230 6 299 217 20 36 245 375 118 455 240 309 64 133 426 297 276 444 58 197 251 324 237
100 406 204 469 41 472 27 156 164 335 137 337 474 3 370 168 308 113 240 461 265 196 222 5 76 232 110 149 238 95 120 135 214 78 250 148 296 464 449 237 211 344 264 267 44 169 44 484 132 187 265 159 475 425 66 149 71 302 73 346 490 202 110 400 377 87 422 414 335 226 484 404 239 124 453 199 36 141 397 489 386 240 419 374 114 388 70 10 178 285 375 327 325 345 239 88
250 8 307 266 405 227 405 360 214 462 88 238 36 424 304 95 498 83 141 243 335 79 130 274 70 409 405 37 498 372 352 500 135 280 498 59 9 477 475 64 124 236 279 411 75 425 331 437 182 31 405 337 302 129 367 37 279 61 146 261 192 353 30 132 182 184 179 451 378 0 148 336 134 337 252 71 6 12 90 480 493 456 468 137 283 267 337 190 239 321 106 483 347 308 97 122
91 47 262 306 83 277 236 27 389 5 248 310 14 274 238 344 133 457 332 72 34 181 478 385 351 351 163 487 280 70 443 62 339 189 62 13 29 382 322 84 361 138 54 480 297 163 466 258 439 67 283 451 204 43 76 143 371 499 294 454 54 478 439 87 480 351 202 37 240 275 113 212 73 489 146 478 440 282 210 232 190 348 15 401 404 18 353 42 82 497 331 172 457 316 293 143
376 59 161 69 335 336 238 140 109 353 450 367 147 469 35 217 216 389 95 41 459 196 438 20 381 52 28 244 255 107 307 28 154 55 304 413 228 77 196 234 203 0 405 115 23 112 189 34 190 138 310 418 462 449 222 138 70 493 169 34 169 455 124 402 227 477 4 131 266 221 250 218 310 358 289 154 254 85 444 27 469 44 241 307 413 273 205 487 173 381 93 70 218 64 45 190
357 433 50 370 96 459 317 329 484 487 45 40 205 295 472 464 68 140 24 401 308 57 194 344 461 470 43 220 347 202 413 158 472 183 315 36 255 99 21 374 78 219 458 326 88 326 357 463 403 66 12 45 299 407 324 312 349 193 462 50 4 485 186 197 171 16 123 38 87 62 351 64 244 384 427 99 50 287 332 16 447 167 499 456 219 17 165 78 402 439 444 396 414 394 210 440
487 114 400 363 137 259 13 103 311 299 120 48 163 137 323 42 92 191 285 273 468 102 378 130 397 144 197 311 219 68 464 419 253 349 398 474 158 232 323 444 452 456 293 260 243 302 410 201 448 483 402 161 437 269 392 467 423 276 445 211 351 317 466 44 369 130 281 451 416 487 141 5 114 61 160 430 448 294 91 426 498 108 294 412 328 368 335 174 241 258 451 365 44 412 380 354
86 312 433 239 464 14 128 290 269 86 7 11 90 449 372 348 437 470 217 450 410 0 275 375 85 146 485 181 51 68 145 474 292 256 161 492 462 452 263 52 163 111 33 242 417 386 430 448 432 53 233 428 74 433 6 389 94 381 293 176 117 255 336 69 440 263 200 121 498 424 233 106 399 3 299 444 500 236 136 70 478 73 352 107 44 208 394 25 449 272 123 401 299 177 247 44
210 216 334 407 354 107 283 245 398 469 356 111 150 280 237 271 215 178 123 498 437 449 138 274 299 336 179 41 331 422 97 316 450 113 347 276 186 79 400 280 208 303 84 355 494 181 270 192 200 58 467 352 429 304 388 181 101 142 133 192 247 193 163 268 119 31 101 123 474 79 488 70 453 119 424 239 318 69 207 427 409 377 275 287 301 138 238 277 397 307 385 91 218 158 4 489
92 381 14 81 249 435 239 328 282 396 459 490 222 31 492 205 255 107 326 340 227 170 60 85 460 251 1 180 311 174 233 289 381 103 451 61 226 219 184 289 175 279 235 470 257 15 374 415 359 84 253 403 61 363 70 19 260 140 438 287 20 244 233 279 150 390 378 282 151 380 30 329 31 440 103 328 264 207 200 200 241 125 464 269 465 54 373 413 486 412 263 14 486 288 255 229
27 384 190 443 223 195 365 365 327 442 97 401 272 44 24 336 202 409 384 301 279 24 132 353 389 373 45 41 392 368 66 222 275 252 323 61 218 415 462 88 497 307 470 289 14 490 438 82 312 89 10 267 34 53 407 341 425 25 309 68 248 20 204 311 120 132 406 358 13 203 302 423 289 343 188 308 349 392 99 175 229 86 440 124 206 126 202 180 19 344 189 127 49 133 484 288
425 30 51 478 101 41 300 303 447 276 462 284 112 126 436 310 142 496 324 272 31 421 449 488 304 275 107 453 77 246 301 333 162 408 352 123 418 15 213 196 277 156 221 426 24 477 364 419 101 44 284 182 66 101 375 375 266 187 300 124 122 198 276 285 471 265 363 260 393 302 140 370 187 468 117 22 452 165 57 15 422 47 427 413 52 403 457 151 50 58 462 165 37 444 146 157
34 153 76 455 2 236 11 463 104 235 86 365 194 60 183 370 156 448 41 338 138 7 365 451 482 296 122 44 173 255 295 97 377 6 74 228 278 64 163 425 149 91 461 21 234 341 146 127 301 99 199 394 214 261 427 118 313 450 248 262 352 81 314 402 219 102 186 60 326 16 404 365 299 166 247 317 409 85 276 179 180 399 145 48 183 444 141 82 457 341 137 152 397 398 79 467
351 432 45 386 496 373 30 26 379 197 81 309 417 307 175 430 160 450 429 181 294 395 178 257 308 373 217 387 72 57 81 204 324 278 221 211 450 394 410 73 254 156 437 126 265 187 292 493 378 32 118 200 432 63 8 120 58 74 230 89 367 8 409 399 246 283 328 499 433 472 267 242 461 388 310 241 69 279 348 158 390 423 63 176 20 307 107 149 354 479 381 364 423 170 458 478
217 72 293 496 352 235 49 32 468 161 186 45 32 206 169 90 249 62 193 483 42 472 376 39 46 285 209 222 237 468 317 452 306 311 120 405 284 161 70 28 333 59 57 341 2 271 126 379 27 62 32 255 468 480 95 227 457 321 16 361 284 315 237 291 362 271 155 304 175 53 484 135 146 373 150 412 185 324 249 280 447 286 98 407 23 181 447 460 437 100 131 61 292 314 379 246
134 499 445 116 135 403 254 56 150 110 251 452 197 91 14 185 18 153 134 77 180 35 452 342 239 88 121 6 90 459 320 224 445 56 393 421 182 93 141 307 365 283 150 310 367 399 149 491 136 403 358 64 471 288 117 468 465 485 81 225 242 66 196 294 34 211 325 98 226 382 335 203 137 297 288 49 240 162 367 82 109 426 313 5 489 479 109 245 297 353 74 369 429 86 377 496
407 65 131 197 66 53 49 240 238 247 252 64 183 238 44 353 375 187 260 354 151 60 11 22 65 23 323 201 274 366 447 312 101 229 323 426 2 194 257 263 237 485 50 485 156 49 429 98 464 379 477 327 369 377 83 389 1 182 177 219 92 129 105 372 224 180 188 231 209 358 100 128 88 379 144 187 228 133 257 339 440 151 64 19 488 235 301 130 80 4 472 101 131 263 420 139
15 398 164 362 171 451 171 367 291 461 161 340 319 130 292 471 56 485 196 20 464 323 236 120 471 252 165 224 432 228 467 422 235 134 22 75 355 4 405 6 98 489 160 108 74 377 345 243 261 478 44 245 205 486 292 374 316 266 269 178 309 93 387 66 162 105 486 345 495 59 462 241 107 108 363 55 149 201 215 331 251 207 476 257 34 228 172 381 275 31 430 384 377 29 330 409
76 154 289 364 11 48 122 282 24 17 58 461 308 334 289 172 443 103 46 43 198 479 119 301 489 151 46 491 284 206 53 49 500 282 64 296 121 259 21 218 108 388 114 82 203 300 193 263 182 211 343 214 380 208 220 418 149 392 63 206 224 162 108 421 265 123 219 432 129 161 32 356 479 46 217 75 139 459 95 172 412 312 233 366 218 243 316 182 121 106 134 249 465 192 300 234
268 480 239 331 371 115 198 414 47 215 376 409 429 304 308 330 403 455 436 145 140 394 96 116 460 183 26 139 335 494 165 431 225 333 414 107 158 394 427 326 375 367 441 465 407 431 132 74 452 467 298 335 495 86 218 105 51 444 371 455 184 83 478 98 409 223 295 266 190 277 461 117 288 92 411 436 473 74 455 354 308 292 60 356 293 253 20 255 93 368 212 34 130 462 271 233
427 359 426 191 10 494 448 42 242 9 261 73 391 46 333 160 376 147 74 342 243 288 445 245 223 22 177 277 424 392 242 154 125 139 473 402 331 283 114 211 277 367 486 315 460 385 51 451 278 212 111 240 237 125 179 500 302 154 100 202 319 266 187 437 275 258 257 223 435 492 489 245 46 7 44 444 131 408 488 43 425 146 325 385 435 338 138 113 361 81 97 232 344 96 399 222
432 493 133 283 43 487 123 190 150 433 346 434 140 186 400 67 399 19 147 477 437 164 314 98 244 156 345 123 395 399 218 98 94 105 273 34 300 222 74 437 123 282 465 296 454 296 158 236 171 132 25 255 5 12 331 289 388 280 307 338 236 211 407 154 299 181 478 165 181 15 375 371 459 290 277 84 0 483 125 50 289 57 86 116 296 84 132 29 393 152 333 58 474 237 170 295
101 414 472 23 298 430 456 128 98 337 208 110 2 332 471 222 426 40 465 213 396 78 147 232 301 302 43 410 318 226 319 419 270 26 458 263 386 69 78 118 65 74 372 251 384 113 339 154 458 30 47 157 256 216 279 206 274 3 489 277 145 395 342 77 361 333 415 319 364 4 30 119 274 142 370 74 94 457 437 27 113 154 368 347 25 484 455 135 418 497 413 392 403 473 338 221
396 382 434 482 315 125 459 327 289 264 172 262 174 236 125 387 475 299 316 370 288 355 399 396 146 476 149 105 431 450 166 307 4 56 207 110 430 492 150 296 36 209 399 429 194 349 313 494 22 477 92 254 215 49 378 336 278 342 361 215 367 387 192 191 343 86 112 318 459 363 251 186 178 185 170 299 65 381 29 263 264 102 45 220 405 483 79 477 403 464 95 312 220 172 391 166
379 294 54 361 13 480 387 185 61 144 498 361 118 376 326 358 22 73 248 489 170 270 359 418 312 291 401 44 496 12 497 351 90 152 472 346 362 69 327 335 342 369 467 91 461 288 50 213 21 141 429 495 291 406 119 143 369 283 2 216 69 69 485 184 383 388 427 245 279 85 430 391 5 378 253 26 493 203 177 395 250 247 202 441 85 467 370 445 170 227 342 87 43 475 281 458
142 108 279 181 146 348 32 439 321 453 159 61 166 382 122 366 103 409 222 343 70 318 417 247 157 100 92 490 128 470 116 274 255 323 333 237 244 70 399 470 325 3 72 453 142 37 7 52 313 244 345 218 189 254 283 319 326 32 70 232 441 258 261 58 146 142 84 143 215 214 335 95 43 68 183 294 275 39 397 109 387 341 258 276 154 198 338 280 16 398 456 218 34 243 249 137
341 465 470 114 160 253 365 335 22 426 134 263 64 457 76 463 336 386 30 227 142 327 234 182 142 14 348 391 364 468 292 191 421 292 202 251 438 356 472 50 154 126 386 198 262 411 398 253 322 327 412 61 161 472 242 253 491 407 250 130 216 421 337 473 5 298 141 377 296 5 328 304 112 276 101 213 90 313 267 244 490 309 318 325 183 107 246 168 217 324 265 100 205 85 344 361
80 170 50 404 466 270 361 280 354 217 123 466 314 421 225 300 77 341 374 1 20 332 293 462 247 314 344 393 279 185 30 374 44 161 313 121 48 441 419 138 52 150 381 409 290 234 330 477 145 210 129 454 202 60 414 338 386 163 488 271 136 339 347 276 214 488 55 430 369 486 303 217 163 241 242 330 242 215 62 277 473 13 303 484 355 360 108 43 283 468 411 193 36 237 118 452
82 482 336 473 235 270 431 314 100 104 127 113 175 105 153 405 127 111 2 323 495 26 291 105 105 416 98 228 196 49 50 352 122 178 184 75 28 47 292 61 253 262 51 338 159 351 479 370 39 252 388 51 352 366 255 167 234 362 453 140 389 415 350 231 61 339 263 281 325 221 256 237 465 336 34 17 299 196 60 276 117 136 84 407 264 473 438 435 269 127 273 448 426 127 126 368
284 354 146 294 450 234 227 77 60 146 182 333 413 488 420 156 93 5 128 35 231 0 367 415 38 301 164 281 483 202 397 195 136 70 219 411 490 402 464 451 155 498 166 334 141 312 358 273 249 363 495 343 188 135 499 139 353 212 338 287 3 199 35 103 352 342 439 68 263 484 295 341 85 463 371 328 16 322 3 55 319 467 295 6 123 386 327 172 455 344 492 322 302 65 231 484
418 98 186 175 431 140 36 79 44 335 282 37 156 486 208 338 411 379 290 116 222 182 234 69 106 361 420 91 22 485 154 439 38 207 399 44 366 345 432 465 53 173 493 374 196 195 183 439 26 0 109 313 420 132 281 357 430 331 351 133 351 322 187 338 287 101 27 175 33 66 415 475 225 486 297 180 144 454 101 444 183 379 172 127 385 184 26 170 362 142 2 275 245 178 27 445
442 497 45 213 335 486 326 62 289 280 14 253 446 270 470 4 417 168 431 449 83 255 363 208 26 460 34 292 277 395 51 334 186 234 378 339 489 269 165 76 334 339 167 149 112 324 88 487 367 247 153 240 198 203 344 173 286 407 163 138 257 425 306 253 244 316 159 15 172 38 206 189 422 118 465 141 303 130 40 62 498 410 205 332 474 353 234 381 56 404 321 168 79 43 209 192
74 174 208 279 179 92 49 214 188 99 47 152 398 280 448 484 117 256 185 301 43 140 104 139 284 480 477 55 121 9 415 493 286 215 367 337 72 180 424 236 20 215 55 136 396 100 130 138 163 489 33 115 288 173 166 240 383 468 236 139 189 7 157 168 162 424 482 186 303 37 403 262 1 92 50 132 129 143 118 208 201 398 88 120 414 210 0 360 441 101 269 197 186 8 341 499
