sandbox/data/sylviashea1.txt
ncols 200
nrows 200
xllcorner -60
yllcorner -2.5
cellsize 0.05
NODATA_value -9999
[rows 86 to 128 of 200, columns 96 to 191 of 200]
119 391 131 55 137 336 127 244 38 341 342 364 254 468 481 463 426 251 342 483 337 392 378 33 267 497 262 57 43 496 436 352 462 260 87 278 300 212 41 381 411 63 149 138 340 29 486 203 60 52 320 352 211 41 282 467 224 215 333 143 75 369 364 456 15 224 190 103 178 151 398 340 41 148 196 100 386 440 38 337 333 334 146 421 466 284 166 178 113 49 351 288 289 458 169 126
182 382 264 275 473 64 337 170 405 391 332 481 454 338 456 409 226 211 130 249 249 469 305 73 1 264 208 49 476 435 106 244 73 492 238 117 472 62 390 497 306 231 416 74 445 13 287 302 341 37 391 426 426 152 300 316 267 125 230 306 101 337 354 420 57 146 267 150 458 222 359 104 297 143 256 313 339 365 398 57 20 10 70 168 382 271 450 249 96 499 68 194 340 301 134 247
155 352 387 191 406 134 384 141 40 78 347 432 334 107 408 331 123 186 489 134 394 125 488 260 221 481 109 217 149 263 241 206 369 75 191 371 437 247 126 155 223 115 161 191 96 210 280 154 90 390 49 232 470 66 429 394 303 346 433 419 432 61 480 385 344 283 108 58 447 237 485 430 180 399 120 16 392 331 467 335 412 372 438 425 440 78 491 225 99 81 109 42 30 181 152 274
297 107 243 286 193 408 49 388 228 84 484 361 363 118 346 335 194 190 231 124 88 262 298 337 38 32 292 243 246 484 96 79 128 120 490 460 286 395 460 477 15 364 202 231 395 476 352 113 300 30 216 263 424 60 4 175 381 166 277 13 419 301 415 191 72 236 37 64 411 274 433 347 334 2 289 203 174 187 212 16 14 488 382 399 320 217 443 39 136 424 292 41 308 51 87 98
219 489 79 92 417 156 445 24 424 43 386 326 207 224 259 130 420 295 116 280 413 61 348 17 150 35 6 302 232 280 490 303 49 88 236 299 363 307 159 459 111 57 346 15 290 405 111 117 371 460 381 127 279 299 367 30 354 8 253 153 158 272 353 347 135 109 396 123 220 32 333 174 97 188 483 292 249 95 46 291 117 258 373 327 274 187 104 202 44 390 124 5 203 184 490 69
480 487 476 24 26 293 391 8 273 218 225 46 405 379 341 186 152 77 309 466 447 395 63 79 119 5 292 405 89 346 369 474 4 477 139 415 386 145 402 448 493 263 493 97 441 477 170 15 105 44 164 193 236 484 148 220 450 471 38 317 102 171 271 53 400 276 354 347 123 497 156 63 20 307 178 330 176 362 499 130 192 498 419 293 286 495 314 21 228 459 64 455 417 277 398 246
492 115 417 96 322 310 264 271 143 455 304 281 478 274 68 75 379 269 330 187 262 169 357 97 288 468 55 91 145 403 452 246 25 140 377 454 451 13 222 117 138 196 291 310 6 94 375 498 271 468 5 126 29 94 277 394 126 70 200 476 454 346 335 126 474 187 108 356 238 140 454 144 436 144 286 482 476 459 151 296 498 305 482 10 179 470 232 389 472 57 88 482 234 447 121 37
483 12 23 126 414 72 403 92 393 126 196 371 296 449 0 228 80 325 34 197 94 326 40 355 330 16 12 333 112 103 134 272 117 366 365 369 390 83 386 320 478 200 128 387 467 445 300 427 200 32 348 479 483 72 47 163 66 449 216 487 222 414 0 5 295 282 449 209 212 57 54 319 104 61 254 103 228 39 356 125 316 96 127 115 53 195 299 419 169 106 300 16 41 231 16 361
15 402 155 231 432 387 253 273 332 94 35 85 312 275 180 393 336 232 427 338 342 36 401 240 39 112 171 318 400 109 226 102 119 76 203 271 279 410 416 87 29 241 258 313 375 480 396 460 101 2 37 156 441 268 448 99 488 344 251 153 482 177 174 340 358 12 87 31 236 437 143 66 463 351 171 408 357 449 142 496 138 72 403 263 109 340 307 218 225 51 3 89 434 81 424 134
367 79 288 202 169 236 360 251 292 484 130 381 143 206 87 220 495 59 191 497 409 448 422 261 64 413 382 441 254 350 183 263 162 20 304 161 24 414 250 370 32 322 245 4 390 73 369 492 430 452 166 220 415 187 51 263 21 227 493 429 88 281 289 127 148 108 368 349 161 497 353 427 190 376 425 83 286 169 128 461 243 470 496 145 461 185 206 272 321 154 434 132 189 22 340 255
165 445 135 218 6 52 287 52 104 383 94 483 174 407 318 119 60 347 452 256 373 135 490 90 364 121 368 38 234 329 362 7 265 78 269 109 172 341 92 209 117 254 399 182 243 275 427 415 326 408 429 366 9 28 212 274 286 297 430 256 49 274 432 464 481 155 479 341 256 438 344 160 397 325 107 108 270 392 87 373 236 177 117 182 459 223 15 96 233 438 28 214 10 496 255 75
131 310 327 419 311 172 250 251 306 43 63 384 250 273 25 456 419 378 278 420 282 374 21 128 389 175 173 32 264 453 1 467 93 117 60 221 325 371 405 354 306 21 145 444 466 188 202 162 383 206 117 401 409 282 140 445 368 217 214 107 128 393 422 267 244 329 15 34 84 45 392 468 467 107 174 229 58 434 230 358 356 390 318 474 94 320 204 415 481 13 306 409 113 188 140 249
82 102 333 1 434 460 469 452 271 296 235 95 213 317 36 3 260 464 440 445 62 410 283 385 85 444 472 48 343 27 289 120 277 334 471 254 326 496 97 288 38 433 346 232 15 121 476 320 14 410 118 302 428 10 370 145 242 373 58 432 135 267 97 123 283 336 78 341 149 138 227 193 155 172 102 62 376 322 497 169 94 148 394 42 354 57 469 300 191 240 364 212 447 11 455 55
164 81 325 152 175 84 427 336 23 453 185 197 227 430 393 483 58 369 82 303 392 478 41 257 223 262 413 174 488 30 196 443 249 95 154 149 483 491 346 381 87 109 102 220 403 123 31 249 433 33 487 279 61 92 98 244 93 182 333 427 426 127 131 186 30 428 105 462 473 334 82 469 193 132 403 74 342 234 426 494 210 6 292 285 3 457 335 112 392 287 64 394 398 381 118 136
203 443 79 393 266 199 197 290 468 3 277 120 273 473 262 217 7 213 287 156 396 434 153 491 493 349 53 36 167 394 333 191 272 485 95 345 303 72 155 267 304 234 446 126 433 209 342 177 25 382 386 31 474 122 456 238 203 187 147 114 318 129 472 436 310 247 195 426 351 53 298 244 141 416 199 471 351 367 176 417 122 252 457 269 190 403 99 96 78 49 328 109 423 87 468 206
148 489 444 185 419 412 158 92 372 347 149 401 328 260 42 244 415 129 357 467 124 357 470 241 250 389 421 444 221 176 314 40 218 239 177 179 270 408 69 363 84 181 305 497 429 138 33 222 478 207 26 329 335 17 421 414 114 68 429 461 64 443 174 324 492 307 205 156 285 246 211 152 164 36 301 195 226 262 131 104 448 443 420 198 21 418 357 14 241 434 209 351 432 165 461 328
114 336 349 290 448 76 110 57 421 497 129 271 273 18 138 169 394 490 360 417 77 397 461 251 391 345 419 428 3 13 253 264 310 480 209 168 346 321 25 405 70 257 305 211 268 397 216 7 352 254 320 453 325 234 431 299 57 39 429 407 178 379 471 32 372 458 291 105 162 175 312 130 250 439 251 474 393 2 348 499 418 380 318 361 28 218 278 423 227 128 355 97 453 476 473 124
384 2 493 304 118 372 159 255 179 19 214 291 88 284 163 366 235 57 236 487 138 281 462 288 270 82 206 296 494 176 330 106 188 88 22 312 278 389 385 459 229 420 16 65 338 161 271 62 340 476 39 428 360 308 169 425 489 246 137 465 465 377 58 177 326 371 148 425 334 26 462 297 304 6 137 48 194 497 397 448 284 316 275 26 96 470 375 207 115 439 354 467 233 13 367 115
325 229 143 476 179 248 433 232 488 102 104 20 370 441 344 213 453 334 195 450 469 437 367 122 136 212 73 337 159 315 53 18 250 289 146 406 372 55 235 196 13 319 484 140 27 312 172 192 58 455 460 40 408 359 201 102 283 292 174 91 207 186 261 437 266 434 332 496 121 124 434 79 422 191 336 448 210 114 418 340 37 153 490 500 297 359 17 404 363 487 413 57 132 178 323 154
422 200 382 235 65 269 437 285 174 311 100 191 165 331 62 220 195 458 450 168 233 346 242 490 115 210 232 350 413 74 131 334 434 47 364 482 313 18 487 442 325 80 273 83 118 155 180 123 46 262 372 328 296 180 337 236 260 319 50 64 364 488 126 223 489 230 373 114 190 172 232 35 273 430 121 45 303 357 165 29 148 231 271 48 152 437 459 125 343 120 291 99 308 364 203 46
378 416 422 374 97 359 226 83 129 189 157 249 327 201 393 401 64 294 150 37 233 40 46 399 252 477 152 70 419 106 234 216 95 411 262 346 413 170 150 0 419 461 276 496 244 374 391 244 26 200 232 27 137 147 450 272 269 359 47 329 288 39 434 474 199 43 138 11 322 110 52 296 127 244 426 352 455 388 335 68 362 413 369 344 490 342 361 107 485 116 125 328 80 131 169 358
73 387 7 410 121 114 309 294 191 152 464 351 100 214 384 348 76 300 19 209 323 414 38 238 82 15 55 201 277 267 427 190 269 268 268 444 24 376 156 261 27 74 32 81 112 48 236 413 141 173 371 185 83 477 162 225 193 391 287 242 233 276 223 278 478 384 45 482 260 244 206 136 295 303 444 287 112 260 102 57 114 137 415 162 242 319 80 80 400 181 430 5 310 430 167 54
219 452 415 189 362 432 382 47 157 341 476 242 177 233 476 382 38 36 399 372 431 110 391 419 262 317 272 382 26 132 181 261 175 478 459 46 190 217 14 273 15 125 355 221 332 178 52 289 488 464 28 292 284 386 273 461 188 500 328 303 388 364 483 370 368 235 480 162 450 452 435 99 191 113 246 64 457 485 126 334 373 312 167 244 177 304 103 358 406 257 129 93 486 369 14 475
61 90 232 356 200 62 350 224 313 303 351 282 148 61 342 387 16 465 141 41 326 203 127 379 213 442 491 271 448 162 420 333 17 247 375 23 181 200 475 487 296 20 31 481 99 418 130 90 271 39 361 285 274 500 217 307 192 249 499 18 0 73 487 351 453 285 323 480 37 447 212 98 290 460 165 309 36 332 439 361 287 173 490 291 89 204 255 483 53 445 9 367 276 99 403 62
119 183 373 296 186 15 461 453 141 342 0 289 410 64 166 82 172 148 235 284 423 425 306 461 277 313 319 124 52 198 287 474 139 334 273 314 339 284 44 342 229 35 198 204 393 442 355 67 185 467 145 221 424 403 212 391 122 274 177 297 279 447 462 190 42 182 168 369 8 352 361 493 471 439 230 345 95 481 5 458 86 98 366 414 191 205 92 206 305 243 476 46 334 499 387 220
415 50 384 121 326 58 23 394 65 259 92 457 362 161 432 279 477 142 458 413 132 499 176 184 467 176 343 447 52 420 150 8 145 137 488 150 226 412 390 496 335 154 24 311 248 108 353 174 203 141 254 441 184 141 103 36 338 286 175 193 140 329 266 336 446 5 353 489 59 437 273 13 92 25 454 383 313 364 385 272 308 380 148 81 174 48 247 275 103 343 437 375 31 72 287 446
464 113 336 391 305 167 104 129 223 450 117 258 351 413 212 230 45 478 264 2 136 215 230 445 445 268 278 3 36 497 500 228 327 9 445 332 353 488 126 317 203 204 220 459 116 323 497 365 497 272 389 96 24 262 164 28 254 431 19 439 44 407 407 278 149 48 312 218 446 169 454 9 13 207 196 63 240 164 165 58 418 355 187 258 30 249 72 64 34 95 257 161 109 139 497 272
318 363 498 92 370 112 217 210 493 278 444 280 161 182 43 172 466 80 410 109 39 426 18 260 336 258 361 406 385 218 465 4 488 388 437 97 364 176 204 74 472 479 43 100 212 155 55 94 93 459 479 330 84 100 281 333 339 273 186 121 431 195 382 492 294 75 212 439 225 259 127 433 251 282 171 153 358 481 234 383 204 99 216 165 121 46 229 163 68 340 98 303 446 201 383 196
461 329 109 370 176 214 379 395 179 447 142 311 349 379 219 382 208 183 283 196 41 174 500 495 19 23 474 138 277 200 229 485 24 494 128 24 117 209 487 109 164 116 420 294 101 43 307 367 218 83 45 77 240 29 392 60 474 246 49 78 90 427 236 438 72 321 417 256 392 494 218 148 78 51 380 217 498 457 455 480 403 285 423 214 287 283 77 176 93 368 3 326 108 478 227 394
21 6 343 15 482 393 394 420 124 40 31 441 327 82 426 458 356 176 136 11 71 456 148 143 123 482 488 300 247 390 243 351 352 113 97 74 421 268 328 414 180 146 125 278 75 359 472 271 309 416 158 219 10 89 369 459 176 407 41 453 376 464 401 306 480 192 313 120 345 451 266 69 93 410 453 178 370 275 470 200 451 174 67 311 367 7 104 248 138 78 308 422 149 437 193 299
325 203 86 334 228 463 495 112 231 350 461 293 410 320 338 119 393 390 359 470 287 52 358 479 135 96 99 391 344 260 43 146 238 92 250 474 286 23 382 214 215 403 381 203 354 177 262 477 124 221 208 272 221 498 302 72 500 148 172 80 401 453 199 448 74 304 490 84 42 343 252 410 206 171 480 343 319 50 176 112 93 280 198 210 214 15 10 330 188 31 469 169 379 97 12 375
189 147 391 367 340 463 267 396 404 493 253 138 97 194 133 121 185 472 197 437 138 35 326 84 465 467 39 326 278 390 306 442 294 13 429 325 332 228 82 130 41 403 446 453 32 336 358 130 157 179 58 47 475 498 482 289 215 366 424 100 457 249 103 361 455 188 159 47 164 243 6 339 91 299 423 164 3 281 337 435 454 298 269 6 260 2 72 314 433 25 135 271 94 15 140 490
427 450 170 121 24 476 99 297 273 466 357 211 269 98 178 315 118 86 459 63 191 157 78 253 96 135 254 202 497 145 451 247 3 16 101 183 204 240 259 225 272 343 121 413 364 96 114 446 478 481 80 485 308 125 201 292 111 190 28 25 105 197 389 244 189 123 255 81 97 432 92 67 29 268 134 34 449 285 492 234 470 317 392 373 105 206 369 405 290 465 137 436 303 358 280 306
51 335 242 410 24 160 248 56 311 240 92 55 309 311 253 193 102 404 362 191 47 268 494 108 482 245 6 392 383 63 113 472 310 225 270 407 414 58 195 386 497 173 153 358 33 18 168 278 269 270 85 159 271 439 214 239 345 379 104 327 364 235 95 483 227 407 403 463 436 439 263 13 484 422 147 48 232 283 113 338 151 359 172 213 9 194 136 426 303 299 169 234 476 413 416 264
421 88 158 339 149 0 190 476 261 226 498 306 445 16 454 314 388 233 488 390 121 394 479 17 411 403 380 498 40 4 271 185 261 323 478 194 281 340 316 262 421 361 216 478 493 332 259 73 457 90 416 66 243 87 35 298 369 33 253 135 352 106 102 162 498 488 350 375 108 423 2 353 344 83 7 74 196 267 467 446 184 200 12 459 183 254 291 397 238 419 404 392 439 144 250 301
280 18 371 254 65 202 392 417 461 422 496 327 227 499 302 156 56 476 161 121 409 487 378 245 389 154 207 274 88 196 36 228 230 80 376 298 401 188 121 320 4 68 126 237 207 196 446 366 334 301 391 18 473 431 384 237 133 384 135 182 304 402 495 403 435 85 349 283 29 237 140 401 276 440 369 388 343 112 214 308 349 117 283 34 333 49 499 17 146 346 453 48 407 493 117 253
363 351 396 35 134 488 128 191 83 75 319 313 135 314 258 68 161 305 473 228 325 371 61 20 394 65 92 95 331 221 154 21 302 217 355 173 396 162 18 197 355 34 385 236 65 469 167 79 212 468 251 89 183 122 308 377 389 271 227 74 175 474 345 129 459 393 115 240 81 345 371 199 122 242 252 88 425 229 447 262 121 459 37 93 242 74 37 130 343 245 466 415 293 203 67 322
340 79 392 310 241 301 309 252 102 168 274 52 148 170 445 205 450 183 390 193 213 188 151 316 67 323 197 101 392 147 283 246 200 107 15 468 359 157 327 475 492 417 217 329 129 20 195 73 229 236 332 131 154 381 172 466 66 2 24 118 371 27 358 489 477 441 423 275 48 152 269 83 249 325 367 109 76 311 197 223 106 12 119 198 448 292 379 495 152 183 478 132 404 438 19 127
343 299 281 473 94 276 147 274 190 332 437 220 51 396 360 488 138 67 476 432 278 458 289 141 94 89 73 186 294 25 364 138 369 116 68 139 471 197 87 300 349 260 273 425 473 229 155 196 11 477 46 329 99 202 208 222 65 51 210 367 345 140 0 229 339 114 264 440 16 158 202 61 312 392 202 110 47 156 203 34 297 396 460 312 208 149 75 183 197 373 244 439 58 223 224 125
400 308 199 418 449 209 130 342 206 223 288 242 362 61 265 431 80 317 417 342 81 180 2 89 373 102 84 446 205 71 368 156 464 219 63 137 10 468 381 94 102 377 7 439 248 422 33 235 128 344 62 149 279 444 122 206 271 207 439 370 200 13 176 126 370 333 404 182 100 450 70 269 18 75 12 63 191 158 62 29 116 137 447 297 46 151 16 215 322 43 48 256 397 403 232 127
113 304 348 14 94 31 268 328 451 397 74 131 23 493 444 384 344 355 200 359 358 334 349 448 24 203 164 222 419 13 59 10 86 4 95 152 411 474 218 391 377 270 82 131 207 281 282 41 462 286 29 406 427 179 54 167 240 498 486 8 394 111 485 253 113 118 359 75 415 428 198 390 56 66 176 203 336 74 328 136 312 396 290 397 106 87 73 143 135 32 122 128 154 186 274 317
231 87 60 222 365 90 407 78 494 235 278 472 145 470 119 44 462 176 277 479 167 105 223 174 154 13 233 338 420 217 416 146 383 81 346 265 105 102 98 152 285 159 38 335 454 145 159 39 206 456 203 380 227 183 2 168 91 414 434 213 47 449 310 271 490 121 89 245 78 168 263 311 338 388 119 104 307 90 370 160 434 180 296 67 239 146 175 390 262 471 72 119 440 248 79 220
368 497 303 160 139 39 410 197 187 195 32 170 116 282 126 242 444 457 34 409 388 197 43 218 395 221 436 286 337 19 350 88 491 195 466 346 499 63 416 285 111 344 358 382 191 307 98 105 355 392 412 93 436 294 212 155 66 220 356 48 224 297 72 115 266 106 339 87 192 480 164 36 70 213 262 439 327 111 305 125 209 42 100 71 216 193 147 49 60 322 84 190 224 34 427 445
