sandbox/data/sylviashea1.txt
ncols 200
nrows 200
xllcorner -60
yllcorner -2.5
cellsize 0.05
NODATA_value -9999
[rows 43 to 85 of 200, columns 96 to 191 of 200]
200 189 145 5 127 235 12 295 74 88 362 87 4 94 48 451 360 66 328 462 224 154 457 221 235 73 161 336 127 380 143 358 451 93 37 232 140 25 307 277 409 208 96 52 195 291 333 492 247 38 224 396 17 405 102 279 112 319 198 177 185 353 467 26 110 278 356 111 359 277 32 410 101 444 221 263 103 339 189 494 256 135 301 417 107 363 264 387 172 180 3 425 426 170 145 157
487 247 138 10 27 482 126 20 242 285 79 219 26 116 272 62 391 466 261 490 16 219 28 288 72 91 71 145 178 10 202 359 236 406 486 456 112 338 489 207 111 497 252 288 96 95 483 37 93 188 393 276 425 236 93 124 49 123 101 381 44 413 323 376 276 239 28 11 177 288 195 7 80 353 60 256 388 175 225 193 7 363 144 438 474 154 24 179 58 302 230 365 265 279 256 295
275 78 104 142 18 466 413 234 158 138 25 399 469 94 154 13 441 194 14 85 415 112 416 104 146 347 399 222 419 0 243 379 384 477 113 95 181 330 62 158 331 264 487 268 110 481 229 279 307 459 366 230 265 274 263 157 29 122 352 144 376 262 17 205 28 298 115 30 103 212 316 168 465 68 46 5 141 305 450 316 57 77 323 168 117 74 172 162 83 84 169 24 451 346 143 302
377 456 460 118 450 265 87 324 315 202 330 189 129 92 140 346 325 342 401 53 224 335 266 187 362 89 492 2 408 329 481 258 343 43 161 372 281 220 318 53 357 20 196 108 245 365 350 48 197 14 209 104 11 269 289 251 468 465 434 39 47 474 498 180 100 256 498 303 100 402 84 68 493 333 194 5 408 487 260 457 142 32 197 192 86 375 270 374 431 77 164 443 314 449 387 391
101 126 378 463 64 177 190 161 131 497 487 189 137 486 360 185 387 147 230 50 134 252 11 122 111 214 255 426 385 439 283 311 459 26 338 1 430 127 338 64 161 95 318 276 384 105 285 164 298 392 461 301 137 405 468 397 102 20 470 305 155 10 492 290 195 214 161 148 90 370 404 315 13 429 267 46 414 485 182 281 413 421 220 339 82 383 386 72 326 96 355 492 89 162 138 333
394 429 213 227 437 435 433 116 392 136 349 367 0 73 168 373 446 462 300 346 397 59 484 140 458 196 430 355 107 437 1 461 72 204 254 31 141 316 374 265 65 477 240 368 445 59 41 76 346 224 321 232 172 253 361 131 305 100 199 354 402 164 222 363 467 15 146 161 194 224 161 54 187 180 129 67 86 350 386 27 180 281 278 98 231 379 70 165 465 124 283 44 217 419 150 83
189 340 328 254 23 442 176 59 89 342 68 6 86 26 123 308 478 361 331 114 470 315 95 412 328 68 115 114 116 324 444 430 301 420 76 69 151 39 93 32 207 107 353 219 142 317 243 211 433 56 129 192 276 4 35 122 249 23 449 350 153 234 461 429 5 190 190 490 377 223 405 377 345 365 412 242 418 292 8 29 318 113 457 460 244 353 352 160 334 81 465 186 158 217 105 257
59 324 101 52 340 483 407 407 83 456 449 466 150 113 167 136 28 384 321 261 166 306 382 499 227 255 131 45 200 212 169 52 201 419 404 66 87 96 351 167 316 149 71 199 128 337 68 259 17 272 98 187 188 49 72 187 462 126 21 439 188 273 34 346 347 265 125 86 47 222 386 270 424 295 66 72 452 237 403 222 256 180 232 63 436 60 89 362 356 469 374 51 173 414 467 419
257 142 470 407 350 489 248 413 397 493 432 363 465 40 122 201 494 268 174 246 58 75 220 252 120 252 349 175 458 379 106 376 479 80 345 149 275 72 181 283 274 58 415 217 141 38 469 145 322 294 411 456 227 62 450 444 437 369 202 289 429 156 63 422 331 465 156 47 100 307 377 233 112 462 371 143 69 284 31 213 350 339 68 231 9 347 416 396 225 399 309 209 202 149 13 52
7 304 204 77 364 181 360 477 279 202 149 496 332 32 464 44 351 350 37 20 39 150 435 426 110 144 9 310 64 174 436 316 232 158 485 481 173 340 58 95 135 108 276 137 180 462 150 114 86 115 331 298 400 394 116 34 476 101 176 72 496 299 19 334 446 255 34 400 209 279 140 445 71 384 127 399 305 288 285 91 52 162 351 455 370 222 286 103 256 204 189 176 127 271 100 141
205 175 196 461 441 207 83 452 309 283 362 41 40 402 211 319 181 222 349 301 392 234 1 50 99 215 9 300 273 417 250 333 45 117 238 339 103 95 132 464 43 93 84 375 274 178 247 3 27 453 144 32 56 490 362 154 383 472 336 214 116 324 67 305 261 227 333 193 477 477 433 385 164 472 138 291 149 457 337 204 238 475 32 173 310 245 368 173 469 180 31 276 267 201 373 416
192 491 150 344 457 170 461 272 268 459 114 376 202 197 93 390 259 145 335 92 448 298 332 339 22 239 103 443 340 46 428 304 275 272 472 117 143 225 441 181 305 306 238 339 275 159 349 416 397 251 316 18 161 257 290 482 200 64 331 288 18 282 321 237 377 380 349 117 313 347 359 229 429 308 54 302 137 137 112 352 446 85 325 116 406 492 116 147 369 146 437 435 192 124 310 320
208 375 328 241 179 457 13 360 67 432 182 464 322 360 460 289 109 129 128 178 166 184 482 454 438 103 352 374 73 217 341 439 206 256 95 265 421 223 121 353 261 450 409 90 114 45 415 313 200 184 307 267 273 6 1 482 478 310 451 157 430 100 16 36 41 450 185 321 357 20 323 376 256 58 112 265 247 312 93 166 196 305 154 275 231 282 73 359 302 365 149 213 462 41 368 485
434 11 338 35 267 222 474 229 129 246 56 439 67 11 151 422 248 77 109 62 492 173 121 193 129 229 11 266 271 161 225 238 64 287 426 72 90 239 149 224 153 0 361 46 92 231 321 465 314 400 268 296 137 226 436 265 489 99 345 487 144 441 135 361 378 297 152 393 489 336 460 426 44 353 411 209 127 132 59 358 100 1 47 389 253 235 323 103 168 383 126 354 489 434 86 145
473 195 67 25 313 484 427 26 154 99 45 17 262 419 306 334 465 160 27 492 342 394 292 274 223 293 86 160 237 92 168 436 288 479 444 342 318 419 51 278 19 343 55 128 199 23 298 336 3 373 449 84 205 6 347 403 234 192 453 167 214 382 85 119 2 105 120 363 392 466 495 62 189 434 41 194 367 380 218 66 280 485 78 162 79 317 280 402 190 128 6 420 5 87 343 440
20 254 493 15 384 35 75 127 335 337 59 144 461 188 267 13 397 454 270 426 316 324 441 277 433 489 228 183 294 387 127 307 236 181 156 446 356 437 456 167 459 387 475 488 170 387 220 196 287 317 391 353 89 181 85 183 143 486 134 212 334 265 214 147 423 269 375 54 339 438 427 430 216 380 435 26 281 46 307 275 298 276 7 484 395 412 132 151 411 334 167 45 365 329 114 344
317 112 286 140 281 294 493 474 428 104 205 437 76 342 122 108 141 68 306 373 217 117 5 227 134 84 167 459 294 9 450 477 211 69 479 356 223 245 90 127 211 15 117 26 245 159 178 125 249 476 224 217 198 181 99 152 358 5 102 138 203 138 103 481 91 106 358 46 50 235 439 494 239 466 467 478 402 406 286 372 365 485 179 269 211 305 251 201 258 442 24 439 208 342 414 246
91 41 482 95 325 359 462 141 99 269 449 280 429 63 111 176 379 34 459 258 439 379 202 233 496 449 68 108 289 294 322 240 324 7 139 8 190 210 185 152 87 34 467 331 312 53 210 229 368 10 174 104 478 13 334 3 102 225 443 70 232 179 347 181 416 26 422 479 275 273 251 65 454 251 188 491 400 103 59 311 240 414 98 138 91 468 368 233 18 74 353 360 476 231 494 451
91 305 492 66 325 58 386 54 251 254 229 171 438 157 8 230 390 459 473 399 456 21 327 474 147 255 252 88 469 356 106 139 223 306 322 185 468 496 284 30 194 177 82 423 498 362 223 94 479 459 201 169 286 185 19 54 361 149 3 326 271 311 105 272 166 318 380 203 359 210 82 448 405 223 435 173 354 111 445 175 231 297 111 36 2 232 161 298 242 106 116 132 81 286 412 145
356 93 38 371 290 440 485 335 82 420 61 384 250 464 318 263 254 468 102 407 331 306 292 15 51 495 474 432 340 193 410 329 73 480 289 82 18 452 27 395 351 484 111 144 53 371 20 121 172 283 167 411 480 446 71 6 357 70 79 145 98 341 230 496 459 25 307 13 310 407 185 338 70 246 324 129 191 83 154 37 435 216 207 294 194 282 252 222 457 119 153 140 222 163 16 301
123 77 292 157 157 24 199 184 313 92 307 292 49 6 240 428 166 101 9 474 245 291 73 78 156 12 500 289 31 126 410 398 399 112 63 218 239 245 190 249 188 447 477 279 306 495 224 28 168 46 175 269 291 188 371 138 257 4 188 41 494 229 42 155 232 193 412 160 365 367 222 67 290 184 72 421 152 146 363 259 270 187 219 208 175 433 33 63 55 379 316 100 406 414 228 290
343 485 6 138 112 204 107 93 440 354 313 96 35 479 283 388 264 163 32 359 293 44 484 462 198 393 127 403 379 381 267 167 343 205 11 417 223 486 15 407 13 249 296 151 66 434 306 202 185 356 145 351 192 424 462 443 209 235 251 147 200 20 2 343 474 236 442 290 476 374 158 329 125 454 442 36 438 371 217 283 442 429 450 250 134 226 357 267 164 57 344 452 435 99 20 118
376 137 454 113 105 314 412 236 409 418 425 165 407 270 436 132 479 165 248 15 7 37 268 370 95 386 56 158 22 183 156 403 190 472 410 266 149 60 297 350 167 173 466 325 393 91 363 343 383 220 437 481 214 11 10 475 103 308 234 397 30 123 253 44 1 99 499 242 343 331 433 18 251 126 251 486 172 406 376 382 61 216 469 300 326 60 101 198 399 420 408 102 26 94 392 180
469 438 425 455 90 451 171 76 385 219 276 303 2 45 489 491 481 240 15 365 149 265 273 10 255 6 346 367 352 58 258 317 388 135 452 99 389 99 366 125 128 242 396 391 306 203 97 455 271 446 491 259 384 106 405 459 46 396 235 320 491 2 2 172 109 483 82 403 309 78 128 157 323 40 63 185 159 19 5 384 74 162 322 500 361 360 244 21 349 391 228 32 293 378 118 141
380 426 422 277 201 254 170 133 93 426 249 40 285 175 487 136 416 375 100 284 399 31 295 317 51 459 351 417 259 392 14 264 199 456 21 136 184 230 286 303 76 140 108 96 77 314 348 372 489 20 31 1 404 202 381 341 239 310 125 488 179 275 4 320 423 464 52 371 435 151 138 60 79 201 489 252 108 363 335 15 496 24 245 92 204 30 14 145 254 68 218 31 302 95 438 101
483 464 172 405 314 256 235 90 315 361 272 421 213 492 424 107 243 153 153 170 11 138 174 482 349 212 366 345 282 144 22 397 71 466 457 371 382 263 120 267 464 490 206 496 0 180 282 36 231 245 460 163 415 223 366 47 99 68 178 17 7 175 162 80 445 480 417 340 386 499 481 175 382 386 81 110 429 356 415 73 349 231 340 248 68 458 55 9 198 322 328 440 301 140 370 186
262 61 75 383 275 378 202 300 214 407 183 499 472 185 496 47 385 161 277 222 252 229 150 233 234 210 317 362 341 86 416 310 170 439 128 277 176 181 462 410 338 41 101 499 228 204 479 330 472 109 138 235 316 408 407 373 247 19 56 432 25 138 393 161 352 357 470 150 8 500 175 39 413 384 342 191 461 186 109 167 446 89 404 426 323 202 499 104 261 100 377 66 248 299 202 117
407 230 52 214 74 390 325 107 169 78 390 221 8 200 479 486 495 182 101 106 59 135 445 79 81 113 446 69 229 357 113 233 448 271 484 167 326 333 270 367 450 236 128 190 425 35 360 36 337 459 392 268 257 46 138 314 460 61 94 447 354 464 161 235 1 328 232 422 234 494 294 131 267 296 162 107 161 124 15 260 245 106 301 397 82 54 92 471 249 174 485 353 76 133 6 20
249 202 199 357 50 148 438 276 350 404 439 178 246 449 27 14 48 124 52 44 484 257 393 326 248 195 123 99 476 71 471 180 236 24 192 280 180 31 258 88 333 400 126 184 368 252 264 206 491 88 389 141 333 243 115 124 317 454 187 102 341 74 256 397 483 406 54 339 345 153 230 473 55 490 396 454 259 64 161 464 290 210 81 118 224 251 109 351 131 288 185 357 252 410 233 314
378 78 66 226 271 415 214 205 183 340 227 368 91 148 243 344 182 433 199 285 423 297 320 500 0 74 428 344 71 111 229 387 361 322 109 179 381 438 312 123 37 92 131 109 7 442 161 21 49 28 188 185 151 450 156 457 455 64 122 143 436 249 64 139 164 293 357 481 439 38 32 500 29 40 470 22 89 320 492 439 102 135 460 408 409 424 491 432 318 36 105 240 462 228 84 130
118 144 265 489 425 285 219 78 344 459 112 153 472 65 230 214 408 36 202 357 220 296 105 471 77 470 181 82 125 469 378 431 305 48 16 6 272 126 361 25 451 469 37 385 287 344 92 435 314 14 486 376 68 198 69 132 252 292 91 158 46 363 96 348 104 117 214 109 264 495 244 84 109 155 144 329 447 274 4 4 267 457 304 172 165 118 288 221 113 359 320 417 479 256 124 325
419 191 311 327 159 446 491 217 255 445 297 158 154 42 38 425 442 415 147 429 301 376 349 160 51 99 13 395 51 462 458 334 0 432 150 182 307 124 484 170 405 90 21 138 160 313 257 422 159 484 490 200 257 344 236 338 4 62 353 437 42 53 36 281 481 171 20 147 142 163 71 243 134 262 396 432 98 33 62 159 201 320 24 204 24 88 287 421 114 459 10 402 162 97 384 365
371 132 164 243 373 350 343 317 151 150 67 294 257 358 32 464 241 249 422 483 327 422 332 72 359 67 425 420 354 169 180 270 269 218 24 428 375 299 364 133 3 151 484 146 41 142 69 16 284 91 129 80 85 481 243 350 386 429 367 120 431 218 394 102 320 200 2 451 217 423 301 142 162 281 436 324 426 397 483 449 201 489 253 285 202 396 430 412 3 405 154 39 34 108 216 425
24 25 360 60 347 340 43 244 135 373 351 3 96 106 123 114 271 367 422 75 153 417 6 479 288 150 401 297 35 343 390 449 45 238 73 305 217 353 267 104 327 373 498 259 76 28 52 411 223 443 477 316 29 486 414 133 290 236 171 3 383 403 399 48 338 364 123 311 345 109 99 466 102 166 86 426 481 442 442 8 370 390 430 321 159 101 242 392 350 395 201 185 79 279 107 486
395 269 383 139 425 415 483 241 331 92 324 452 146 187 281 422 120 317 334 383 459 156 9 331 154 206 167 225 389 140 57 419 73 90 20 124 468 140 428 59 498 335 256 107 183 498 72 237 424 500 104 350 185 296 32 224 385 270 471 56 282 378 476 153 339 423 357 159 230 438 2 445 271 281 468 178 8 75 54 321 428 484 178 193 320 326 353 497 254 359 405 248 106 309 495 45
140 120 418 500 92 147 7 249 165 369 62 348 51 36 253 234 78 155 409 312 478 468 253 237 19 334 279 155 337 426 441 107 421 23 242 257 21 338 116 304 211 225 27 182 443 225 116 354 314 209 239 250 16 113 261 443 4 210 425 393 433 44 290 99 449 93 135 490 31 116 36 360 110 179 338 312 40 43 380 428 410 215 139 395 278 420 170 63 496 23 234 350 376 75 478 269
387 304 170 12 375 69 246 158 179 413 445 342 255 500 159 153 1 173 249 146 254 38 291 243 59 390 444 403 410 306 14 36 100 1 445 63 190 287 244 472 202 341 377 460 52 246 132 1 38 35 254 355 0 436 412 95 296 294 64 68 342 458 341 457 325 398 253 25 15 451 485 228 281 96 259 274 317 499 427 278 183 368 33 387 32 340 421 362 70 456 170 456 326 102 13 80
176 129 448 397 489 433 414 228 462 383 395 85 265 233 1 281 179 318 43 286 463 88 310 202 93 448 71 146 282 338 214 186 500 227 466 266 321 236 190 460 293 481 258 295 427 254 76 146 380 384 186 495 121 212 272 493 440 309 380 204 22 48 490 151 142 414 398 65 171 485 28 500 159 400 294 142 178 328 256 74 189 25 70 316 100 306 309 374 405 279 327 470 43 288 167 443
481 97 218 396 399 61 91 170 304 290 466 97 358 410 442 130 163 179 226 289 238 418 29 260 365 98 324 202 1 431 249 111 252 77 435 213 209 451 225 112 408 210 307 62 469 170 3 165 82 480 221 152 349 200 194 155 107 203 201 122 192 305 431 140 141 499 491 65 360 430 302 185 435 426 89 387 462 430 174 173 253 465 196 415 113 143 136 264 293 390 163 264 408 0 478 62
452 137 158 94 323 391 235 325 321 191 410 380 212 491 34 107 220 222 306 271 421 239 404 301 190 141 438 23 347 56 15 483 147 405 312 262 328 295 146 479 238 210 227 249 57 283 84 60 287 344 98 31 305 469 291 126 256 15 254 364 22 305 414 261 294 332 396 234 55 438 302 148 135 319 281 319 10 484 477 469 176 18 55 441 429 296 385 103 62 90 256 284 299 30 479 96
57 152 430 467 359 417 99 475 472 319 219 157 377 243 385 430 389 380 224 417 154 209 241 13 326 6 193 206 306 36 287 405 499 488 110 32 331 492 443 160 389 386 55 120 329 434 450 63 365 180 479 124 36 134 43 457 354 330 489 322 364 435 147 122 361 321 107 265 97 122 50 423 41 171 217 118 227 455 311 186 28 151 433 96 493 440 170 8 423 476 143 177 346 406 295 31
23 268 377 380 470 406 211 137 105 361 474 247 200 479 211 353 166 225 274 276 396 187 151 306 179 89 367 149 171 202 35 314 13 483 247 141 472 329 152 80 198 366 369 406 356 31 440 333 364 368 399 482 500 163 454 17 446 197 330 178 354 99 111 51 116 15 494 402 181 18 459 25 54 404 274 463 298 420 451 134 266 116 178 151 249 302 164 352 251 214 448 249 490 129 240 175
339 444 425 470 130 96 384 151 158 344 132 189 146 44 459 438 311 302 404 500 78 75 203 67 439 440 436 132 309 187 211 267 297 255 209 228 310 39 169 491 273 233 354 175 258 452 142 44 109 279 388 157 288 208 296 373 105 410 252 210 191 472 488 449 19 404 343 169 123 345 200 462 397 21 451 61 313 430 348 164 75 16 65 464 480 275 64 387 282 46 424 202 229 440 409 301
